0.320088
0.181909
0.434305
0.314696
0.202676
0.01877
0.46246
0.46246
0.46246
0.420327
0.488019
0.446286
0.0217652
0.272564
0.259185
0.430711
0.389976
0.147564
0.486821
0.480831
0.0207668
0.205072
0.185304
0.0179712
0.0179712
0.371805
0.136581
0.263978
0
0
0
0
0
0
0
0
0
0
0
0
0
0
0
0
0
0
0
0
0
0
0
0
0
0
0
0
0
0
0
0
0
0
0
0
0.25599
0.432907
0.000199681
0.355831
0.00978435
0.17472
0.316893
0.132788
0.472843
0.473642
0.16274
0.477037
0.185903
0.316893
0.00658946
0.285543
0.165935
0.0698882
0.411741
0.126597
0.0930511
0.0920527
0.383387
0
0.000399361
0.00978435
0.491414
0.214856
0.410343
0.414337
0.477835
0.269569
0.0361422
0.0289537
0.309105
0.0634984
0.0179712
0.139976
0.115216
0.254992
0.28095
0.107827
0.116014
0.297524
0.395168
0.0105831
0.0229633
0.46905
0.038738
0.0341454
0.303714
0.25
0.311701
0.139377
0.239617
0.322684
0.216454
0.0109824
0.399161
0.263179
0.47524
0.199681
0.129193
0.448482
0.284744
0.41893
0.426118
0.429113
0.495607
0.460663
0.096246
0.221446
0.130591
0.368011
0.369808
0.457069
0.254193
0.0269569
0.447085
0.242812
0
0.430911
0.407548
0.447883
0.115016
0.000199681
0.114816
0.0377396
0.413538
0.0315495
0.295128
0.269768
0.269768
0.269768
0.269768
0.269768
0.446685
0.300919
0.330072
0.254393
0.366214
0.488818
0.328275
0.436102
0.191693
0.000399361
0.00159744
0.00559105
0.000399361
0.000199681
0.000199681
0.014976
0.000199681
0.000199681
0.000199681
0.000399361
0.00599042
0.000199681
0.000998403
0.000199681
0.00139776
0.00658946
0.00479233
0.000399361
0.000199681
0.00139776
0.000199681
0.000199681
0.000599042
0.000199681
0.000998403
0.000199681
0.000199681
0.000599042
0.00419329
0.000199681
0.000199681
0.000199681
0.00159744
0.033746
0.000599042
0.0061901
0.033746
0.000199681
0.000199681
0.00279553
0.00559105
0.000199681
0.000199681
0.000199681
0.101238
0.000199681
0.0888578
0.00119808
0.00798722
0.000998403
0.000199681
0.00798722
0.014377
0.000199681
0.000199681
0.0133786
0.000199681
0.000199681
0.000199681
0.00139776
0.00119808
0.000599042
0.0217652
0.000399361
0.000199681
0.000199681
0.000199681
0.000199681
0.369609
0.000199681
0.00139776
0.000199681
0.000199681
0.000199681
0.00958466
0.000199681
0.000399361
0.000399361
0.000199681
0.000798722
0.000199681
0.00798722
0.000199681
0.000399361
0.00159744
0.000199681
0.000199681
0.000199681
0.000998403
0.399561
0.000399361
0.000399361
0.000599042
0.000399361
0.000399361
0.000199681
0.000199681
0.000199681
0.000399361
0.000399361
0.0173722
0.000199681
0.000199681
0.000199681
0.000199681
0.389577
0.000199681
0.136382
0.000199681
0.000199681
0.000199681
0.000199681
0.000199681
0.000599042
0.000798722
0.000199681
0.000599042
0.00179712
0.000399361
0.00119808
0.000199681
0.000399361
0.000399361
0.000199681
0.000599042
0.000199681
0.0632987
0.000199681
0.000199681
0.000199681
0.00239617
0.000399361
0.000599042
0.000199681
0.000199681
0.000599042
0.000199681
0.000798722
0.000199681
0.000199681
0.355232
0.0265575
0.000199681
0.000599042
0.0253594
0.000199681
0.000998403
0.000199681
0.000798722
0.000199681
0.0503195
0.000199681
0.000199681
0.00738818
0.000599042
0.000199681
0.0189696
0.000199681
0.00599042
0.000199681
0.000998403
0.000199681
0.0257588
0.00339457
0.00319489
0.000199681
0.000199681
0.000798722
0.000199681
0.000199681
0.000199681
0.000599042
0.139377
0.168131
0.000399361
0.000998403
0.000199681
0.000199681
0.000599042
0.000199681
0.000199681
0.000599042
0.000199681
0.013778
0.100639
0.000798722
0.00539137
0.000199681
0.000998403
0.000399361
0.000599042
0.000199681
0.000199681
0.000798722
0.000199681
0.000199681
0.000199681
0.00279553
0.0101837
0.000199681
0.193291
0.000599042
0.192891
0.000998403
0.000199681
0.000199681
0.000399361
0.000199681
0.00159744
0.000199681
0.000199681
0.00858626
0.000199681
0.000199681
0.000599042
0.000199681
0.00199681
0.479633
0.000199681
0.00119808
0.467851
0.000399361
0.000199681
0.00119808
0.000199681
0.000199681
0.000199681
0.000998403
0.000199681
0.000199681
0.000199681
0.000199681
0.0323482
0.160743
0.000199681
0.000798722
0.000399361
0.000199681
0.00998403
0.260184
0.260383
0.260583
0.000199681
0.000199681
0.00139776
0.00299521
0.00219649
0.00179712
0.000199681
0.000399361
0.000399361
0.000199681
0.271565
0.000199681
0.0295527
0.000199681
0.000399361
0.0061901
0.000199681
0.000798722
0.000199681
0.000599042
0.000199681
0.000599042
0.000199681
0.000199681
0.000199681
0.000199681
0.00219649
0.000399361
0.000199681
0.000399361
0.000199681
0.191693
0.000199681
0.000199681
0.000199681
0.000199681
0.000599042
0.000399361
0.355232
0.000399361
0.000399361
0.000199681
0.000199681
0.00139776
0.000199681
0.000599042
0.348842
0.000399361
0.0279553
0.000199681
0.00479233
0.000199681
0.000399361
0.000199681
0.000199681
0.00599042
0.000199681
0.000199681
0.0103834
0.000199681
0.000798722
0.000199681
0.000798722
0.000599042
0.000399361
0.00239617
0.000199681
0.0177716
0.000199681
0
0.000599042
0.000199681
0.00279553
0.000199681
0.000798722
0.000599042
0.00239617
0.000199681
0.000798722
0.00159744
0.000199681
0.000199681
0.000998403
0.000199681
0.0313498
0.000599042
0.000199681
0.000199681
0.000599042
0.433706
0.000399361
0.000798722
0.000399361
0.000199681
0.000798722
0.000199681
0.000798722
0.00638978
0.000199681
0.000199681
0.000199681
0.000199681
0.0107827
0.00119808
0.000399361
0.000199681
0.0199681
0.00179712
0.000199681
0.00599042
0.000399361
0.000199681
0.000199681
0.000199681
0.000199681
0.00419329
0.000199681
0.000199681
0.000199681
0.000199681
0.00978435
0.00279553
0.000199681
0.000399361
0.000399361
0.000199681
0.163538
0.104832
0.00658946
0.000199681
0.0279553
0.00539137
0.000199681
0.000199681
0.000199681
0.365216
0.000399361
0.000599042
0.000199681
0.0175719
0.366014
0.00119808
0.000199681
0.000199681
0.00239617
0.000199681
0.000599042
0.365415
0.00159744
0.000399361
0.0115815
0.000399361
0.000199681
0.00119808
0.000199681
0.000199681
0.000199681
0.00379393
0.0061901
0.000399361
0.000199681
0.000199681
0.000199681
0.0119808
0.000199681
0.00199681
0.000199681
0.000399361
0.000199681
0.000798722
0.000199681
0.00539137
0.00159744
0.00219649
0.000199681
0.0173722
0.000998403
0.000599042
0.000199681
0.000199681
0.000399361
0.000199681
0.000599042
0.0485224
0.000399361
0.000199681
0.000199681
0.000399361
0.000599042
0.00119808
0.000199681
0.000399361
0.0872604
0.000199681
0.000599042
0.00439297
0.000199681
0.000599042
0.000199681
0.000599042
0.000199681
0.000599042
0.000998403
0.000798722
0.000599042
0.000199681
0.000199681
0.000998403
0.000199681
0.000599042
0.00159744
0.000199681
0.000998403
0.000399361
0.00559105
0.000399361
0.000199681
0.00279553
0.316494
0.0109824
0.000199681
0.000199681
0.492013
0.00359425
0.00898562
0.000399361
0.000199681
0.000399361
0.0367412
0.000399361
0.0061901
0.000199681
0.000199681
0.000798722
0.000199681
0.000199681
0.000599042
0.143171
0.000199681
0.0952476
0.000199681
0.0115815
0.000998403
0.0465256
0.0101837
0.000199681
0.000199681
0.000998403
0.0133786
0.000599042
0.238818
0.000798722
0.000599042
0.000199681
0.000399361
0.000199681
0.00219649
0.000199681
0.000998403
0.00539137
0.000199681
0.000199681
0.000199681
0.000399361
0.000199681
0.000199681
0.000599042
0.000798722
0.000399361
0.0081869
0.000199681
0.00559105
0.000199681
0.000599042
0.00339457
0.468251
0.000199681
0.000199681
0.000599042
0.000199681
0.390375
0.000399361
0.00159744
0.000199681
0.000599042
0.00199681
0.328674
0.000199681
0.000199681
0.000599042
0.0459265
0.000199681
0.000199681
0.0646965
0.000199681
0.00519169
0.00319489
0.0253594
0.000199681
0.000199681
0.000599042
0.000998403
0.000199681
0.000599042
0.00399361
0.000199681
0.000399361
0.000199681
0.00119808
0.000199681
0.000399361
0.000199681
0.000199681
0.000599042
0.166534
0.00199681
0.0407348
0.000199681
0.00119808
0.0491214
0.000199681
0.00339457
0.000199681
0.000399361
0.00119808
0.000599042
0.000399361
0.000399361
0.000199681
0.00339457
0.000599042
0.000199681
0.000199681
0.375399
0.000199681
0.000798722
0.000199681
0.000199681
0.000199681
0.000199681
0.000199681
0.156749
0.0199681
0.0355431
0.00119808
0.000199681
0.000399361
0.000199681
0.000399361
0.00379393
0.000199681
0.000199681
0.000199681
0.000399361
0.000798722
0.000199681
0.00219649
0.000199681
0.000199681
0.000199681
0.000199681
0.00159744
0.00399361
0.00119808
0.000399361
0.142572
0.000199681
0.000199681
0.000798722
0.00738818
0.000599042
0.000199681
0.0403355
0.000199681
0.000199681
0.000199681
0.000199681
0.000399361
0.0213658
0.000798722
0.00339457
0.000199681
0.000399361
0.000798722
0.00339457
0.043131
0.043131
0.225839
0.000199681
0.000399361
0.000199681
0.000199681
0.000199681
0.000599042
0.000199681
0.0221645
0.0305511
0.000399361
0.0115815
0.000399361
0.000199681
0.000199681
0.00119808
0.000798722
0.00119808
0.00219649
0.000199681
0.000199681
0.000199681
0.0303514
0.0239617
0.000399361
0.000199681
0.000199681
0.00219649
0.000399361
0.00219649
0.000199681
0.000399361
0.000199681
0.000399361
0.000798722
0.0303514
0.000798722
0.000199681
0.000599042
0.000798722
0.000199681
0.000199681
0.000199681
0.0479233
0.000199681
0.000998403
0.0139776
0.000199681
0.00199681
0.0155751
0.000199681
0.00698882
0.000199681
0.000199681
0.000399361
0.000199681
0.000399361
0.000798722
0.103834
0.348642
0.000399361
0.000199681
0.0155751
0.00399361
0.000399361
0.000199681
0.000199681
0.000599042
0.000798722
0.00479233
0.238618
0.000199681
0.421925
0.000399361
0.000199681
0.00119808
0.000199681
0.000599042
0.000199681
0.000399361
0.000599042
0.000199681
0.000199681
0.000199681
0.000199681
0.000798722
0.00638978
0.000798722
0.000199681
0.00559105
0.00439297
0.00559105
0.000199681
0.00559105
0.00559105
0.000199681
0.000199681
0.000199681
0.000199681
0.0551118
0.000199681
0.000199681
0.000399361
0.000199681
0.028754
0.014377
0.000199681
0.0159744
0.000399361
0.000199681
0.000199681
0.0211661
0.000199681
0.000599042
0.000199681
0.000199681
0.000199681
0.000199681
0.000199681
0
0.000199681
0.000199681
0.00479233
0.000998403
0.000399361
0.00139776
0.0808706
0.00359425
0.000199681
0.00139776
0.111222
0.00159744
0.000199681
0.000998403
0.000599042
0.000798722
0.0235623
0.04373
0.000199681
0.000599042
0.00239617
0.000399361
0.000998403
0.000199681
0.000199681
0.00459265
0.000399361
0.0603035
0.00938498
0.000399361
0.000599042
0.000199681
0.000199681
0.000199681
0.000199681
0.000199681
0.000199681
0.122604
0.0081869
0.000199681
0.000199681
0.00159744
0.000199681
0.000199681
0.000399361
0.000199681
0.000199681
0.000199681
0.00419329
0.000399361
0.0159744
0.000199681
0.00179712
0.000199681
0.0335463
0.302915
0.342851
0.00279553
0.00139776
0.000599042
0.000199681
0.000199681
0.00259585
0.000798722
0.00798722
0.00219649
0.000199681
0.000199681
0.000199681
0.000199681
0.00199681
0.000199681
0.000199681
0.00239617
0.000199681
0.000998403
0.00299521
0.00279553
0.000199681
0.000199681
0.00638978
0.00299521
0.000399361
0.000399361
0.0221645
0.00139776
0.000199681
0.000399361
0.000399361
0.000199681
0.00239617
0.00139776
0.000199681
0.000199681
0.000998403
0.153554
0.000199681
0.000199681
0.000998403
0.228435
0.0383387
0.00299521
0.000199681
0.114417
0.000199681
0.103035
0.160543
0.000199681
0.000199681
0.000199681
0.0541134
0.000199681
0.00239617
0.000798722
0.000199681
0.000199681
0.000399361
0.00299521
0.000199681
0.00599042
0.000399361
0.000199681
0.0307508
0.000199681
0.000199681
0.000998403
0.000199681
0.000399361
0.000199681
0.204273
0.000599042
0.000599042
0.000798722
0.000599042
0.000199681
0.0117812
0.000199681
0.000199681
0.00239617
0.000399361
0.000199681
0.00159744
0.0101837
0.000199681
0.000798722
0.000199681
0.0165735
0.000199681
0.000199681
0.000199681
0.000199681
0.000599042
0.000399361
0.000399361
0.000199681
0.000199681
0.000199681
0.000199681
0.000199681
0.00279553
0.000199681
0.000199681
0.0347444
0.0217652
0.000199681
0.0882588
0.00119808
0.000199681
0.000199681
0.00139776
0.0489217
0.000599042
0.000399361
0.00499201
0.000199681
0.000199681
0.000399361
0.000199681
0.000199681
0.00279553
0.00119808
0.00279553
0.000798722
0.000199681
0.0157748
0.000399361
0.000199681
0.000199681
0.000199681
0.000199681
0.000199681
0.00279553
0.000399361
0.000998403
0.000399361
0.000599042
0.000199681
0.000199681
0.0766773
0.00359425
0.00998403
0.000199681
0.000798722
0.000199681
0.0177716
0.000399361
0.00199681
0.0297524
0.000599042
0.00219649
0.375599
0.000199681
0.000399361
0.000199681
0.0141773
0.000199681
0.000798722
0.000199681
0.00139776
0.00259585
0.000199681
0.000599042
0.0465256
0.00279553
0.000199681
0.0163738
0.000199681
0.121406
0.000998403
0.000798722
0.000199681
0.00159744
0.000998403
0.000599042
0.000399361
0.000199681
0.000199681
0.385184
0.023762
0.000199681
0.000199681
0.00239617
0.000199681
0.00219649
0.000798722
0.000199681
0.000199681
0.00119808
0.000998403
0.000199681
0.000998403
0.00119808
0.000199681
0.00698882
0.0804712
0.00199681
0.00519169
0.000199681
0.000199681
0.000199681
0.000199681
0.00419329
0.000199681
0.000199681
0.000998403
0.000199681
0.000199681
0.000399361
0.000599042
0.0253594
0.000399361
0.00658946
0.000199681
0.000199681
0.39996
0.000199681
0.000199681
0.11881
0.000199681
0.0886581
0.000399361
0.00159744
0.000199681
0.000399361
0.000199681
0.000399361
0.000798722
0.000199681
0.000199681
0.47524
0.000399361
0.00139776
0.00199681
0.096246
0.000199681
0.0101837
0.000199681
0.00119808
0.000399361
0.000798722
0.000399361
0.000998403
0.000199681
0.00119808
0.000199681
0.000199681
0.000199681
0.363019
0.00359425
0.122005
0.000199681
0.000199681
0.000199681
0.000199681
0.00798722
0.000199681
0.00419329
0.000199681
0.000199681
0.000199681
0.0181709
0.000399361
0.00159744
0.000399361
0.000199681
0.000199681
0.000199681
0.000199681
0.000199681
0.0974441
0.000199681
0.000199681
0.000199681
0.000199681
0.000199681
0.000199681
0.0730831
0.000399361
0.000199681
0.00159744
0.000998403
0.0233626
0.00179712
0.00479233
0.000399361
0.00299521
0.000199681
0.000199681
0.000199681
0
0.000199681
0.00479233
0.000399361
0
0.000199681
0.000399361
0.0121805
0.00299521
0.00139776
0.000199681
0.373602
0.000199681
0.0091853
0.000399361
0.000199681
0.000599042
0.000199681
0.00898562
0.426518
0.333067
0.000399361
0.000199681
0.000199681
0.000199681
0.0257588
0.00219649
0.047524
0.000798722
0.000798722
0.000199681
0.000399361
0.00419329
0.0636981
0.000798722
0.000199681
0.000199681
0.000199681
0.313099
0.000199681
0.00159744
0.000199681
0.000399361
0.00139776
0.00159744
0.000199681
0.000599042
0.0239617
0.313299
0.00159744
0.0141773
0.000798722
0.000399361
0.00179712
0.000399361
0.000798722
0.000599042
0.0155751
0.000599042
0.000798722
0.000399361
0.000199681
0.000199681
0.00119808
0.00319489
0.000199681
0.000199681
0.000199681
0.000199681
0.000199681
0.000199681
0.000399361
0.000199681
0.000399361
0.000199681
0.000199681
0.00139776
0.0601038
0.000199681
0.000199681
0.000199681
0.0255591
0.000399361
0.000399361
0.00419329
0.00159744
0.000199681
0.00678914
0.000399361
0.000599042
0.000199681
0.000199681
0.00319489
0.000199681
0.048123
0.000399361
0.000199681
0.00159744
0.000199681
0.000599042
0.0183706
0.00179712
0.000399361
0.000199681
0.00119808
0.26897
0.0660942
0.000399361
0.00159744
0.269569
0.000199681
0.000199681
0.000199681
0.000199681
0.199281
0.000399361
0.000199681
0.000199681
0.00499201
0.000399361
0.000199681
0.000998403
0.00539137
0.00299521
0.00179712
0.00139776
0.000399361
0.00878594
0.000199681
0.000199681
0.00858626
0.000199681
0.000998403
0.0275559
0.000199681
0.00439297
0.000199681
0.000199681
0.000199681
0.000199681
0.000199681
0.00199681
0.00199681
0.00259585
0.00119808
0.000199681
0.000199681
0.000199681
0.000399361
0.000199681
0.000199681
0.000998403
0.000199681
0.00239617
0.000199681
0.000199681
0.000199681
0.000199681
0.000199681
0.00239617
0.0435304
0.000399361
0.00139776
0.00119808
0.000199681
0.000998403
0.000399361
0.000998403
0.000399361
0.0435304
0.000199681
0.000199681
0.0435304
0.000199681
0.000199681
0.0177716
0.04373
0.000199681
0.000199681
0.000199681
0.000199681
0.00239617
0.000599042
0.0435304
0.000199681
0.000599042
0.00139776
0.000199681
0.000599042
0.000399361
0.00159744
0.000199681
0.000199681
0.0413339
0.000399361
0.00159744
0.000599042
0.000399361
0.000599042
0.000998403
0.000998403
0.000199681
0.000199681
0.000599042
0.000199681
0.000998403
0.000199681
0.000399361
0.000199681
0.000199681
0.0435304
0.0215655
0.00139776
0.000399361
0.000199681
0.000599042
0.000199681
0.000199681
0.000199681
0.00658946
0.000399361
0.000199681
0.000199681
0.000199681
0.000199681
0.000199681
0.000199681
0.000199681
0.000399361
0.00139776
0.000199681
0.000199681
0.000399361
0.000199681
0.000399361
0.000199681
0.000599042
0.000199681
0.000798722
0.00199681
0.000199681
0.220248
0.000199681
0.000199681
0.000199681
0.000199681
0.00219649
0.000199681
0.000199681
0.00179712
0.000199681
0.000199681
0.0425319
0.000399361
0.000199681
0.000199681
0.000199681
0.000798722
0.0103834
0.000798722
0.000399361
0.00119808
0.000599042
0.00119808
0.000399361
0.000199681
0.000199681
0.198882
0.000199681
0.00139776
0.000599042
0.0423323
0.0423323
0.000199681
0.0423323
0.000199681
0.000399361
0.000199681
0.000399361
0.000199681
0.000199681
0.0121805
0.000599042
0.000399361
0.000798722
0.000199681
0.00119808
0.000199681
0.000399361
0.000399361
0.000199681
0.000199681
0.00159744
0.000199681
0.000199681
0.000199681
0.000199681
0.000199681
0.000199681
0.000998403
0.000998403
0.000199681
0.000199681
0.00199681
0.000199681
0.000998403
0.0113818
0.000199681
0.000199681
0.000599042
0.0131789
0.000199681
0.000199681
0.000599042
0.000199681
0.000199681
0.116214
0.00758786
0.00179712
0.000199681
0.000399361
0.00758786
0.000399361
0.00139776
0.0107827
0.000599042
0.000199681
0.000798722
0.00878594
0.000199681
0.000199681
0.000199681
0.000199681
0.000199681
0.000199681
0.00339457
0.00199681
0.000199681
0.000199681
0.000199681
0.000199681
0.000199681
0.00499201
0.000599042
0.000199681
0.00319489
0.000199681
0.000199681
0.000399361
0.000798722
0.000399361
0.00279553
0.000199681
0.000199681
0.00219649
0.00179712
0.0814696
0.0177716
0.000599042
0.000199681
0.00559105
0.00119808
0.00638978
0.000798722
0.000199681
0.00219649
0.000199681
0.000399361
0.000998403
0.00499201
0.00199681
0.000399361
0.000199681
0.000199681
0.00559105
0.000798722
0.00499201
0.000199681
0.000199681
0.00139776
0.000199681
0.00599042
0.000599042
0.000199681
0.000199681
0.000199681
0.000599042
0.00139776
0.000199681
0.000399361
0.296725
0.000199681
0.000199681
0.0127796
0.000199681
0.000199681
0.00359425
0.000199681
0.00359425
0.0071885
0.000199681
0.000199681
0.00119808
0.000199681
0.000199681
0.000399361
0.000998403
0.000199681
0.000199681
0.000199681
0.000399361
0.000199681
0.000199681
0.139776
0.000199681
0.000199681
0.000599042
0.00559105
0.000199681
0.00758786
0.000199681
0.000798722
0.0101837
0.000399361
0.000998403
0.000399361
0.000199681
0.00599042
0.000199681
0.47504
0.000399361
0.000798722
0.000199681
0.000199681
0.000599042
0.000399361
0.000199681
0.00139776
0.240615
0.00139776
0.000599042
0.000199681
0.000199681
0.000599042
0.00339457
0.000399361
0.000199681
0.459065
0.000199681
0.000599042
0.0241613
0.00978435
0.000199681
0.000199681
0.000399361
0.00259585
0.00319489
0.00638978
0.434904
0.000199681
0.00479233
0.00499201
0.000199681
0.103435
0.000199681
0.000599042
0.000998403
0.00399361
0.248003
0.000199681
0.00159744
0.000998403
0.000199681
0.00179712
0.000798722
0.00359425
0.000199681
0.000199681
0.000199681
0.000599042
0.00938498
0.000399361
0.00119808
0.0145767
0.0896565
0.000199681
0.000599042
0.423323
0.000199681
0.00139776
0.221446
0.0569089
0.00479233
0.000199681
0.000998403
0.000199681
0.000199681
0.000798722
0.000399361
0.00299521
0.00838658
0.00638978
0.000998403
0.000199681
0.000199681
0.000399361
0.00299521
0.000199681
0.00159744
0.000199681
0.000199681
0.000998403
0.000199681
0.000199681
0.000199681
0.000399361
0.00319489
0.000199681
0.000199681
0.000199681
0.000199681
0.000199681
0.00459265
0.000199681
0.000399361
0.0920527
0.000199681
0.000998403
0.00279553
0.000599042
0.000399361
0.000599042
0.000199681
0.000199681
0.000399361
0.000199681
0.000199681
0.000199681
0.000199681
0.000199681
0.000199681
0.000199681
0.000199681
0.000199681
0.00279553
0.00279553
0.000199681
0.000199681
0.000998403
0.000998403
0.000998403
0.00459265
0.000199681
0.00199681
0.000199681
0.000199681
0.00678914
0.00199681
0.000199681
0.000399361
0.000798722
0.00838658
0.000199681
0.000599042
0.000199681
0.0569089
0.0569089
0.00159744
0.00179712
0.000199681
0.000199681
0.000199681
0.000199681
0.000399361
0.000199681
0.000399361
0.000199681
0.000199681
0.000199681
0.000599042
0.000199681
0.000199681
0.000199681
0.000599042
0.000199681
0.000599042
0.000199681
0.00199681
0.000798722
0.0305511
0.000199681
0.000399361
0.0471246
0.000199681
0.000399361
0.000199681
0.000199681
0.0131789
0.000399361
0.00499201
0.000399361
0.000199681
0.000599042
0.0860623
0.000199681
0.000199681
0.00439297
0.230431
0.000199681
0.000199681
0.0139776
0.000399361
0.0283546
0.000199681
0.000399361
0.000399361
0.000399361
0.000199681
0.000199681
0.000199681
0.000998403
0.00139776
0.000199681
0.00119808
0.238019
0.00559105
0.000199681
0.000199681
0.000199681
0.00898562
0.000399361
0.00159744
0.000199681
0.00199681
0.000399361
0.000599042
0.000399361
0.000399361
0.000199681
0.000998403
0.000599042
0.000199681
0.00339457
0.000798722
0.000399361
0.000199681
0.00299521
0.000399361
0.0185703
0.000599042
0.000199681
0.00898562
0.000199681
0.000399361
0.00878594
0.384385
0.000199681
0.00179712
0.102236
0.000199681
0.000199681
0.000599042
0.000199681
0.000399361
0.0519169
0.0235623
0.0235623
0.000199681
0.0161741
0.000199681
0.000399361
0.000199681
0.000599042
0.00219649
0.000199681
0.000199681
0.00798722
0.000199681
0.000199681
0.000199681
0.00299521
0.00119808
0.000199681
0.000599042
0.00559105
0.0453275
0.000199681
0.00319489
0.000199681
0.00379393
0.000199681
0.000199681
0.000199681
0.000199681
0.129593
0.00159744
0.000798722
0.000199681
0.081869
0.000798722
0.000399361
0.000199681
0.000199681
0.000798722
0.00179712
0.00199681
0.0171725
0.000199681
0.000599042
0.000199681
0.211462
0.000199681
0.00139776
0.000199681
0.000199681
0.0133786
0.0147764
0.000199681
0.000399361
0.000599042
0.00219649
0.000199681
0.000199681
0.000998403
0.000199681
0.000399361
0.000199681
0.000199681
0.000599042
0.00119808
0.000399361
0.000199681
0.00319489
0.000199681
0.000199681
0.000199681
0.00199681
0.000599042
0.00419329
0.000199681
0.000199681
0.000199681
0.000199681
0.023762
0.229233
0.00419329
0.000399361
0.000399361
0.000199681
0.000599042
0.0664936
0.0664936
0.000798722
0.000199681
0.000199681
0.307109
0.000199681
0.00519169
0.000798722
0.00239617
0.000199681
0.000998403
0.00239617
0.000199681
0.000199681
0.000199681
0.000599042
0.000199681
0.000199681
0.21226
0.00119808
0.0339457
0.000199681
0.000199681
0.000199681
0.000399361
0.000199681
0.000199681
0.000199681
0.000399361
0.000399361
0.000199681
0.00159744
0.000599042
0.000199681
0.000199681
0.000199681
0.164736
0.000199681
0.000199681
0.000199681
0.00159744
0.0167732
0.0167732
0.00559105
0.000199681
0.000798722
0.00419329
0.00119808
0.00219649
0.00119808
0.000199681
0.0890575
0.000199681
0.0061901
0.000798722
0.124601
0.000798722
0.00239617
0.000399361
0.107029
0.000599042
0.000199681
0.000599042
0.000199681
0.00179712
0.00139776
0.000399361
0.000199681
0.000798722
0.000199681
0.000199681
0.000199681
0.000199681
0.000199681
0.000199681
0.000199681
0.000599042
0.000998403
0.000399361
0.000599042
0.000399361
0.000798722
0.00139776
0.000599042
0.00259585
0.000199681
0.000199681
0.000599042
0.000199681
0.000399361
0.000199681
0.000199681
0.000199681
0.0990415
0.000798722
0.000199681
0.0123802
0
0.00159744
0.000199681
0.000399361
0.000199681
0.000599042
0.000399361
0.000199681
0.000199681
0.000199681
0.000199681
0.105232
0.000199681
0.000199681
0.000599042
0.105431
0.000199681
0.000399361
0.000199681
0.000199681
0.000199681
0.000998403
0.000199681
0.000399361
0.000399361
0.000199681
0.000199681
0.000399361
0.157947
0.00159744
0.172724
0.000199681
0.000998403
0.000199681
0.000199681
0.106829
0.000199681
0.000199681
0.000199681
0.00179712
0.000399361
0.00119808
0.000399361
0.000199681
0.0271565
0.000199681
0.000199681
0.00179712
0.000199681
0.00179712
0.000199681
0.000199681
0.000199681
0.00119808
0.000199681
0.000199681
0.000199681
0.000199681
0.000998403
0.000199681
0.00259585
0.00938498
0.00698882
0.00119808
0.0217652
0.000199681
0.000399361
0.000199681
0.000199681
0.000199681
0.00119808
0.000199681
0.000399361
0.000399361
0.00119808
0.00299521
0.000199681
0.000998403
0.000199681
0.000798722
0.000998403
0.00778754
0.000199681
0.00259585
0.000599042
0.000399361
0.000199681
0.000199681
0.000199681
0.000998403
0.00119808
0.000199681
0.000199681
0.0197684
0.00139776
0.000998403
0.0421326
0.000199681
0.000399361
0.000599042
0.000798722
0.0549121
0.00359425
0.000199681
0.000199681
0.00179712
0.000199681
0.000399361
0.000399361
0.000199681
0.000798722
0.000199681
0.000998403
0.00219649
0.142572
0.000199681
0.000798722
0.160743
0.000599042
0.00139776
0.034345
0.000199681
0.000998403
0.00319489
0.000199681
0.000399361
0.00299521
0.000998403
0.00678914
0.000199681
0.000199681
0.0091853
0.138379
0.000199681
0.000399361
0.000199681
0.000199681
0.000399361
0.000599042
0.00499201
0.000199681
0.0159744
0.000399361
0.000199681
0.000199681
0.000199681
0.00119808
0.00159744
0.00339457
0.000599042
0.000399361
0.000599042
0.000199681
0.116014
0.000199681
0.00159744
0.000798722
0.00219649
0.000199681
0.0209665
0.000199681
0.000199681
0.000199681
0.000399361
0.00159744
0.00279553
0.000399361
0.000199681
0.000199681
0.00159744
0.00119808
0.000199681
0.000199681
0.000199681
0.00239617
0.000199681
0.000599042
0.269169
0.000399361
0.000798722
0.000399361
0.00419329
0.0361422
0.000199681
0.000199681
0.00159744
0.000399361
0.000199681
0.00439297
0.00239617
0.000199681
0.000199681
0.28115
0.000199681
0.000199681
0.000199681
0.00219649
0.000599042
0.000199681
0.000399361
0.000199681
0.000798722
0.0109824
0.000199681
0.000199681
0.000599042
0.000199681
0.000599042
0.000199681
0.000199681
0.000199681
0.000599042
0.000199681
0.000199681
0.000199681
0.000199681
0.000199681
0.0163738
0.000199681
0.000599042
0.00898562
0.000998403
0.000199681
0.000199681
0.000199681
0.000599042
0.00119808
0.0672923
0.000399361
0.000199681
0.000199681
0.000199681
0.00319489
0.000599042
0.00259585
0.000998403
0.00758786
0.000399361
0.000199681
0.000199681
0.0245607
0.000199681
0.000399361
0.000199681
0.000599042
0.000998403
0.000199681
0.000599042
0.000199681
0.000199681
0.00139776
0.000599042
0.000399361
0.000199681
0.0177716
0.0125799
0.000399361
0.000199681
0.00638978
0.000399361
0.000199681
0.0081869
0.000399361
0.000199681
0.176118
0.000798722
0.000199681
0.000399361
0.000199681
0.00119808
0.000199681
0.000798722
0.00638978
0.00459265
0.000399361
0.372804
0.000998403
0.000599042
0.000199681
0.00399361
0.000199681
0.000199681
0.000199681
0.000199681
0.000199681
0.000199681
0.000199681
0.000399361
0.0361422
0.000199681
0.00159744
0.000399361
0.00499201
0.000199681
0.00219649
0.00219649
0.00339457
0.000199681
0.000199681
0.000199681
0.00199681
0.000399361
0.000199681
0.469449
0.0375399
0.000798722
0.000199681
0.000199681
0.000199681
0.0599042
0.310503
0.461661
0.000199681
0.000798722
0.000599042
0.000199681
0.000199681
0.00239617
0.000199681
0.000199681
0.00119808
0.000199681
0.000199681
0.00678914
0.00798722
0.000199681
0.000199681
0.000199681
0.000199681
0.000199681
0.000399361
0.000199681
0.000199681
0.000199681
0.000599042
0.00399361
0.000199681
0.00678914
0.0335463
0.00658946
0.000199681
0.000998403
0.000199681
0.000199681
0.0175719
0.00379393
0.00938498
0.000199681
0.00299521
0.255791
0.000199681
0.00119808
0.000199681
0.000199681
0.000199681
0.00439297
0.00219649
0.000199681
0.00259585
0.00958466
0.000199681
0.000199681
0.000199681
0.000199681
0.000199681
0.0417332
0.000199681
0.000199681
0.00399361
0.000399361
0.0151757
0.000199681
0.000199681
0.000798722
0.00119808
0.00139776
0.000199681
0.000399361
0.000199681
0.0275559
0.294928
0.00439297
0.000599042
0.019369
0.000399361
0.000599042
0.254393
0.000199681
0.000199681
0.000199681
0.000798722
0.000199681
0.00419329
0.000399361
0.000199681
0.000199681
0.000199681
0.000199681
0.000798722
0.00399361
0.000199681
0.0109824
0.000399361
0.000399361
0.000798722
0.000798722
0.000199681
0.000199681
0.000199681
0.000199681
0.000599042
0.000199681
0.000599042
0.000199681
0.000199681
0.000798722
0.000599042
0.000199681
0.0091853
0.000199681
0.238219
0.000199681
0.000199681
0.000599042
0.000599042
0.000199681
0.0992412
0.0147764
0.00179712
0.00139776
0.000199681
0.00798722
0.000199681
0.000798722
0.00199681
0.000399361
0.00319489
0.000199681
0.000399361
0.000199681
0.000599042
0.0145767
0.123802
0.00459265
0.00239617
0.000399361
0.000199681
0.000199681
0.00858626
0.0792732
0.00279553
0.000199681
0.000199681
0.000399361
0.000399361
0.000199681
0.000199681
0.000199681
0.000199681
0.00698882
0.000199681
0.000399361
0.000199681
0.0169728
0.000399361
0.000998403
0.000399361
0.000199681
0.00199681
0.000199681
0.000199681
0.000199681
0.000199681
0.000399361
0.00199681
0.000399361
0.000199681
0.00159744
0.000199681
0.000399361
0.0221645
0.114018
0.00179712
0.000199681
0.000798722
0.000199681
0.000199681
0.000199681
0.000599042
0.000399361
0.000199681
0.186302
0.000199681
0.000199681
0.00678914
0.000199681
0.477037
0.000199681
0.000199681
0.000199681
0.000399361
0.000399361
0.0537141
0.000199681
0.000599042
0.0211661
0.000199681
0.000199681
0.000399361
0.000199681
0.029353
0.000199681
0.00159744
0.00159744
0.0081869
0.000199681
0.00738818
0.000199681
0.000199681
0.000199681
0.000199681
0.000199681
0.000399361
0.000399361
0.000199681
0.000199681
0.000199681
0.000599042
0.00459265
0.343051
0.0127796
0.000199681
0.000599042
0.000199681
0.00499201
0.000399361
0.172125
0.00219649
0.0257588
0.000199681
0.000199681
0
0.000599042
0.00299521
0.000199681
0.000199681
0.000199681
0.000199681
0.00339457
0
0.00119808
0.0247604
0.0511182
0.000599042
0.000199681
0.000199681
0.000199681
0.000399361
0.00599042
0.000599042
0.0732827
0.04373
0.000599042
0.0501198
0.000599042
0.000199681
0.000399361
0.00878594
0.000798722
0.000199681
0.0101837
0.000199681
0.000399361
0.000199681
0.000199681
0.00159744
0.00199681
0.000399361
0.000399361
0.000399361
0.000199681
0.0157748
0.000199681
0.00239617
0.00159744
0.000199681
0.000199681
0.000199681
0.00738818
0.0269569
0.00698882
0.000199681
0.000199681
0.000199681
0.000199681
0.000199681
0.000399361
0.252596
0.000399361
0.000199681
0.000199681
0.000399361
0.000998403
0.000199681
0.0247604
0.00379393
0.000199681
0.000199681
0.000199681
0.000599042
0.000199681
0.000399361
0.00339457
0.000199681
0.000199681
0.0676917
0.000399361
0.000599042
0.000199681
0.000199681
0.0105831
0.000599042
0.134585
0.00259585
0.00179712
0.000199681
0.00199681
0.0383387
0.0081869
0.000199681
0.000199681
0.000199681
0.00119808
0.000199681
0.00179712
0.000199681
0.0990415
0.000199681
0.00179712
0.000399361
0.000199681
0.000199681
0.00119808
0.232827
0.000199681
0.000199681
0.000199681
0.000199681
0.000399361
0.000199681
0.000199681
0.000599042
0.000199681
0.000199681
0.000199681
0.000199681
0.0251597
0.00359425
0.0161741
0.000199681
0.00399361
0.000199681
0.000399361
0.000399361
0.000399361
0.000599042
0.00638978
0.000199681
0.00638978
0.000399361
0.000798722
0.000199681
0.000599042
0.000199681
0.117013
0.000199681
0.000199681
0.217652
0.000399361
0.000199681
0.000199681
0.000399361
0.00119808
0.000399361
0.000199681
0.000199681
0.000199681
0.000399361
0.000199681
0.000399361
0.15655
0.00738818
0.000199681
0.00239617
0.000199681
0.000199681
0.000199681
0.048722
0.000199681
0.0477236
0.190695
0.000199681
0.000199681
0.000998403
0.000199681
0.000399361
0.00259585
0.000199681
0.000399361
0.000399361
0.0131789
0.0071885
0.000199681
0.00638978
0.000199681
0.000199681
0.000199681
0.000199681
0.155751
0.000199681
0.00119808
0.00219649
0.000998403
0.00119808
0.000199681
0.000199681
0.000599042
0.000199681
0.000199681
0.000199681
0.000199681
0.000998403
0.000199681
0.000599042
0.253395
0.000199681
0.000199681
0.000399361
0.000199681
0.000199681
0.00239617
0.000199681
0.033746
0.000399361
0.000199681
0.000199681
0.000199681
0.000998403
0.000399361
0.000199681
0.000399361
0.000199681
0.00539137
0.000199681
0.000199681
0.000399361
0.00159744
0.000399361
0.000399361
0.000998403
0.00159744
0.000399361
0.000199681
0.000199681
0.000199681
0.000199681
0.000199681
0.000199681
0.25599
0.00279553
0
0.000199681
0.000199681
0.000199681
0.000399361
0.000599042
0.00219649
0.292133
0.000399361
0.00159744
0.0197684
0.000399361
0.0441294
0.0265575
0.00199681
0.000399361
0.000399361
0.000199681
0.00539137
0.000199681
0.000199681
0.000199681
0.000199681
0.000199681
0.000199681
0.000599042
0.00139776
0.000199681
0.00678914
0.0119808
0.000199681
0.00239617
0.000199681
0.000199681
0.0165735
0.0165735
0.000199681
0.000199681
0.000199681
0.482827
0.000399361
0.000399361
0.000399361
0.0483227
0.000998403
0.000998403
0.01877
0.00838658
0.00239617
0.000199681
0.000199681
0.000199681
0.000199681
0.000599042
0.000199681
0.000599042
0.000199681
0.000199681
0.000599042
0.000199681
0.000399361
0.00119808
0.00119808
0.00119808
0.000998403
0.00159744
0.0656949
0.0656949
0.000798722
0.000798722
0.129992
0.000399361
0.339657
0.129992
0.000798722
0.00499201
0.000199681
0.129992
0.324481
0
0.375599
0.00459265
0.000199681
0.000199681
0.00139776
0.000199681
0.00199681
0.00139776
0.000199681
0.000199681
0.000798722
0.000199681
0.000199681
0.000199681
0.000199681
0.000399361
0.00758786
0.000399361
0.000199681
0.000199681
0.000399361
0.00798722
0.000599042
0.000998403
0.000998403
0.000199681
0.00139776
0.000798722
0.0265575
0.000199681
0.00159744
0.00678914
0.00279553
0.000599042
0.000599042
0.000199681
0.000199681
0.00119808
0.000399361
0.00439297
0.315096
0.000199681
0.000199681
0.00359425
0.000399361
0.00219649
0.00638978
0.000199681
0.00119808
0.0303514
0.00199681
0.00479233
0.116613
0.000199681
0.000399361
0.182508
0.00559105
0.000199681
0.0167732
0.000998403
0.000199681
0.338059
0.000199681
0.000199681
0.000199681
0.00139776
0.000199681
0.00159744
0.00239617
0.000399361
0.000199681
0.00319489
0.00658946
0.000199681
0.000199681
0.000599042
0.0371406
0.000399361
0.000399361
0.0916534
0.000199681
0.000599042
0.00998403
0.000199681
0.000399361
0.000199681
0.000399361
0.000199681
0.071885
0.000399361
0.0553115
0.000199681
0.00339457
0.000599042
0.000199681
0.000199681
0.000199681
0.000199681
0.000199681
0.000998403
0.241214
0.107628
0.0119808
0.000199681
0.00259585
0.00179712
0.0511182
0.00179712
0.000199681
0.00259585
0.000998403
0.000399361
0.000399361
0.000998403
0.000599042
0.000199681
0.000599042
0.00139776
0.0217652
0.00479233
0.000599042
0.000199681
0.000199681
0.0469249
0.000798722
0.000199681
0.000199681
0.000199681
0.00838658
0.0589058
0.081869
0.000399361
0.000199681
0.000199681
0.00479233
0.0195687
0.000599042
0.000199681
0.00878594
0.000199681
0.000199681
0.00179712
0.192093
0.000199681
0.000399361
0.014976
0.00239617
0.00279553
0.000399361
0.000199681
0.00219649
0.000798722
0.16274
0.000199681
0.000199681
0.000399361
0.000399361
0.000199681
0.000599042
0.000199681
0.000199681
0.000199681
0.264177
0.000399361
0.476238
0.00379393
0.000199681
0.283946
0.0061901
0.000399361
0.000199681
0.16254
0.000199681
0.000199681
0.000199681
0.000399361
0.000199681
0.000199681
0.000199681
0.0119808
0.000199681
0.000599042
0.000199681
0.00678914
0.000199681
0.00239617
0.00638978
0.0225639
0.0127796
0.000199681
0.00139776
0.000998403
0.00519169
0.0107827
0.00139776
0.00319489
0.000199681
0.000199681
0.000199681
0.000199681
0.000199681
0.000199681
0.000199681
0.000399361
0.00139776
0.00159744
0.000199681
0.0623003
0.000199681
0.000599042
0.000399361
0.000199681
0.00119808
0.000399361
0.000399361
0.0313498
0.000199681
0.00259585
0.000199681
0.000199681
0.000199681
0
0.00139776
0.000599042
0.000199681
0.000599042
0.000199681
0.000199681
0.000399361
0.130391
0.00279553
0.000199681
0.000199681
0.000199681
0.00119808
0.0103834
0.00219649
0.000199681
0.000599042
0.000199681
0.000199681
0.000599042
0.000599042
0.000998403
0.000599042
0.000199681
0.000199681
0.000199681
0.000199681
0.000199681
0.000199681
0.000798722
0.000199681
0.000199681
0.000199681
0.000399361
0.000599042
0.00239617
0.0345447
0.000199681
0.000199681
0.00199681
0.00299521
0.0609026
0.0609026
0.000798722
0.00279553
0.000599042
0.000199681
0.000399361
0.000199681
0.000998403
0.000599042
0.000199681
0.000399361
0.000199681
0.00539137
0.00239617
0.000199681
0.000399361
0.00299521
0.000199681
0.000399361
0.000599042
0.000399361
0.00319489
0.000599042
0.000199681
0.0415335
0.000199681
0.000199681
0.000199681
0.000399361
0.000599042
0.00459265
0.0161741
0.000399361
0.000199681
0.000199681
0.000399361
0.000599042
0.000998403
0.000199681
0.000199681
0.00599042
0.00379393
0.000399361
0.000399361
0.000399361
0.000998403
0.000199681
0.000199681
0.000399361
0.000199681
0.00279553
0.0507188
0.000798722
0.0750799
0.000798722
0.00758786
0.000199681
0.0361422
0.10024
0.00179712
0.000199681
0.00499201
0.000199681
0.00159744
0.000199681
0.00159744
0.000199681
0.000199681
0.000399361
0.0279553
0.00359425
0.000199681
0.000199681
0.000399361
0.00459265
0.000199681
0.00179712
0.000599042
0.00299521
0.00159744
0.000199681
0.0127796
0.00139776
0.00159744
0.000399361
0.000199681
0.000199681
0.000199681
0.0147764
0.000199681
0.000399361
0.0371406
0.000199681
0.000998403
0.0259585
0.0940495
0.0147764
0.000199681
0.000399361
0.000199681
0.000399361
0.219449
0.000199681
0.000199681
0.000199681
0.000399361
0.00339457
0.013778
0.00399361
0.000199681
0.000199681
0.000399361
0.000199681
0.000199681
0.000599042
0.000199681
0.000199681
0.000199681
0.000399361
0.000399361
0.000199681
0.000199681
0.000199681
0.000199681
0.000199681
0.000199681
0.000199681
0.000199681
0.000399361
0.000199681
0.000199681
0.000199681
0.000399361
0.000399361
0.000199681
0.000399361
0.00279553
0.000199681
0.000599042
0.000399361
0.000399361
0.000199681
0.000199681
0.000399361
0.000399361
0.000399361
0.000798722
0.000798722
0.000798722
0.000798722
0.000199681
0.000798722
0.00139776
0.0115815
0.000399361
0.000399361
0.000399361
0.000199681
0.000599042
0.000199681
0.00259585
0.0119808
0.000399361
0.000399361
0.000798722
0.000798722
0.000998403
0.000399361
0.013778
0.000199681
0.000998403
0.000998403
0.000798722
0.000399361
0.000199681
0.000199681
0.000199681
0.000199681
0.000399361
0.000199681
0.000199681
0.00778754
0.000199681
0.000199681
0.000199681
0.000199681
0.000199681
0.000199681
0.000199681
0.000199681
0.000399361
0.000199681
0.000399361
0.000399361
0.000399361
0.000399361
0.000399361
0.000399361
0.000399361
0.000399361
0.000399361
0.000399361
0.000399361
0.000399361
0.000399361
0.000199681
0.000399361
0.000199681
0.000199681
0.000199681
0.000199681
0.00439297
0.000399361
0.000199681
0.000798722
0.000199681
0.000199681
0.000199681
0.000199681
0.000199681
0.0147764
0.000199681
0.00139776
0.000199681
0.00119808
0.000599042
0.000998403
0.00239617
0.000199681
0.000199681
0.076877
0.000199681
0.000599042
0.00179712
0.00279553
0.000399361
0.000199681
0.00119808
0.00219649
0.00119808
0.000199681
0.000199681
0.0071885
0.000199681
0.00878594
0.000399361
0.000199681
0.0147764
0.000199681
0.0081869
0.00339457
0.0245607
0.000199681
0.00299521
0.00399361
0.000199681
0.000599042
0.000399361
0.00119808
0.000399361
0.000399361
0.00119808
0.000399361
0.00279553
0.00119808
0.113019
0.00519169
0.000798722
0.00119808
0.00119808
0.000199681
0.00119808
0.00119808
0.00319489
0.000399361
0.000798722
0.00159744
0.000599042
0.000599042
0.000399361
0.000199681
0.000798722
0.000798722
0.000399361
0.0107827
0.000199681
0.00139776
0.000199681
0.000199681
0.000599042
0.00638978
0.000199681
0.00159744
0.013778
0.000199681
0.000199681
0.00119808
0.000399361
0.00499201
0.00119808
0.0625
0.000599042
0.000199681
0.0147764
0.000998403
0.000199681
0.000399361
0.000199681
0.000199681
0.000199681
0.000199681
0.00898562
0.000599042
0.000399361
0.0335463
0.00339457
0.000199681
0.000199681
0.000199681
0.000599042
0.00119808
0.00119808
0.000599042
0.0071885
0.0373403
0.00119808
0.00259585
0.000199681
0.000199681
0.00259585
0.000599042
0.000399361
0.000199681
0.000199681
0.000399361
0.000399361
0.00119808
0.000798722
0.00638978
0.137181
0.00119808
0.000199681
0.000798722
0.00678914
0.000798722
0.000599042
0.00159744
0.00119808
0.000199681
0.00199681
0.000998403
0.0686901
0.000199681
0.0119808
0.000199681
0.000998403
0.000399361
0.000199681
0.00539137
0.00119808
0.000199681
0.000199681
0.0105831
0.00399361
0.00119808
0.00119808
0.000798722
0.000599042
0.00339457
0.00159744
0.000199681
0.000998403
0.13778
0.00179712
0.00159744
0.000998403
0.000399361
0.000399361
0.00119808
0.000199681
0.00119808
0.000399361
0.000199681
0.000399361
0.00419329
0.000199681
0
0.000199681
0.000199681
0.000599042
0.00139776
0.000199681
0.000199681
0.000399361
0.000399361
0.00139776
0.280152
0.00219649
0.000199681
0.000798722
0.000399361
0.0591054
0.00119808
0.000199681
0.000599042
0.000998403
0.000199681
0.000199681
0.000199681
0.000199681
0.000199681
0.116613
0.000798722
0.00638978
0.000199681
0.000399361
0.000399361
0.000199681
0.000998403
0.04373
0.000199681
0.000998403
0.000399361
0.000199681
0.000199681
0.000599042
0.125399
0.000399361
0.000199681
0.000199681
0.261581
0.000199681
0.0091853
0.135783
0.000199681
0.0658946
0.000399361
0.00638978
0.210064
0.000399361
0.000199681
0.211861
0.000199681
0.000399361
0.15595
0.000199681
0.000199681
0.000199681
0.000199681
0.000199681
0.000599042
0.0700879
0.0786741
0.000199681
0.000199681
0.000199681
0.0081869
0.00798722
0.193091
0.143171
0.000199681
0.000399361
0.000199681
0.00758786
0.00738818
0.00499201
0.000199681
0.0894569
0.00119808
0.000199681
0.000399361
0.0850639
0.000199681
0.0609026
0.000599042
0.000199681
0.000199681
0.000199681
0.000199681
0.000998403
0.413139
0.201078
0.00119808
0.000599042
0.000199681
0.000399361
0.000599042
0.000199681
0.0367412
0.0181709
0.000199681
0.0231629
0.000798722
0.00479233
0.000199681
0.000199681
0.000199681
0.000199681
0.000199681
0.000399361
0.000199681
0.000199681
0.000199681
0.0305511
0.00199681
0.000998403
0.000199681
0.000599042
0.000199681
0.00199681
0.019369
0.000199681
0.000399361
0.201677
0.21226
0.00399361
0.000199681
0.000199681
0.000199681
0.000199681
0.000199681
0.00159744
0.00159744
0.000399361
0.00459265
0.00119808
0.000199681
0.00119808
0.00139776
0.000199681
0.000199681
0.000399361
0.00119808
0.000199681
0.000199681
0.000199681
0.000599042
0.000798722
0
0.000199681
0.00519169
0.00459265
0.000199681
0.420927
0.000399361
0.000599042
0.0175719
0.000599042
0.000199681
0.000399361
0.000599042
0.00259585
0.000199681
0.000199681
0.000199681
0.000199681
0.000599042
0.0141773
0.000199681
0.00359425
0.291933
0.226438
0.000199681
0.000199681
0.000399361
0.208466
0.00139776
0.000399361
0.000399361
0.000599042
0.000199681
0.000399361
0.000399361
0.000399361
0.40635
0.187899
0.000199681
0.000199681
0.000199681
0.000199681
0.0950479
0.000199681
0.000199681
0.0383387
0.000998403
0.000199681
0.000199681
0.000199681
0.000199681
0.000199681
0.137181
0.1875
0.0163738
0.000199681
0.000399361
0.000199681
0.000199681
0.000399361
0.00878594
0.491613
0.000199681
0.309105
0.000199681
0.00119808
0.000399361
0.00539137
0.00199681
0.000199681
0.000399361
0.000399361
0.000199681
0.000199681
0.000399361
0.00159744
0.000599042
0.00219649
0.000199681
0.000199681
0.000399361
0.000199681
0.000399361
0.000199681
0.000599042
0.000399361
0.0529153
0.000199681
0.0529153
0.0299521
0.000199681
0.000199681
0.000199681
0.000199681
0.00239617
0.000199681
0.000199681
0.00698882
0.000199681
0.000599042
0.00499201
0.000399361
0.000199681
0.000199681
0.000998403
0.152955
0.00259585
0.000399361
0.000199681
0.000399361
0.000199681
0.0235623
0.195487
0.000199681
0.00179712
0.000199681
0.000199681
0.177516
0.00219649
0.000199681
0.00599042
0.000599042
0.00299521
0.0113818
0.00179712
0.000199681
0.00319489
0.00399361
0.000399361
0.00139776
0.00539137
0.000399361
0.00698882
0.000199681
0.000599042
0.00898562
0.000998403
0.114217
0.000798722
0.000199681
0.0183706
0.000199681
0.000599042
0.000199681
0.000599042
0.000199681
0.000199681
0.0071885
0.000199681
0.000199681
0.000199681
0.000199681
0.000199681
0.000199681
0.000199681
0.000199681
0.00399361
0.000199681
0.00459265
0.000199681
0.0491214
0.000199681
0.000599042
0.000199681
0.000599042
0.000199681
0.000399361
0.000199681
0.000399361
0.000199681
0.00119808
0.000399361
0.000199681
0.442891
0.00159744
0.000199681
0.00359425
0.000199681
0.000798722
0.00419329
0.000199681
0.000199681
0.000199681
0.000199681
0.000798722
0.000199681
0.000599042
0.000399361
0.00159744
0.000199681
0.0706869
0.000199681
0.00199681
0.000399361
0.000199681
0.000199681
0.00319489
0.000199681
0.000199681
0.00139776
0.000199681
0.000399361
0.000599042
0.000199681
0.000599042
0.000199681
0.000199681
0.000399361
0.000199681
0.00159744
0.00139776
0.00279553
0.000199681
0.00199681
0.000199681
0.000399361
0.000399361
0.000599042
0.00359425
0.00199681
0.000199681
0.000998403
0.00239617
0.000199681
0.000399361
0.00559105
0.000199681
0.000199681
0.000199681
0.000599042
0.000199681
0.000199681
0.000199681
0.000199681
0.000199681
0.000199681
0.000599042
0.0199681
0.000599042
0.000399361
0.0081869
0.000199681
0.00219649
0.000399361
0.000399361
0.00119808
0.000199681
0.000199681
0.00758786
0.000199681
0.000199681
0.000599042
0.000199681
0.000399361
0.100639
0.000199681
0.000199681
0.0147764
0.000199681
0.000199681
0.00139776
0.00119808
0.000199681
0.000399361
0.000399361
0.000199681
0.000199681
0.0161741
0.000599042
0.000199681
0.000998403
0.000599042
0.000399361
0.000199681
0.000199681
0.0141773
0.000199681
0.000399361
0.000399361
0.000199681
0.000199681
0.000199681
0.000399361
0.000199681
0.000399361
0.000199681
0.00858626
0.000199681
0.00439297
0.00219649
0.000599042
0.000199681
0.000199681
0.000199681
0.000199681
0.000998403
0.00139776
0.000199681
0.0670927
0.000199681
0.0876597
0.00139776
0.000199681
0.00439297
0.00159744
0.000199681
0.000199681
0.000599042
0.000599042
0.000798722
0.00159744
0.000199681
0.000199681
0.000399361
0.0105831
0.000399361
0.000199681
0.133786
0.000199681
0.000199681
0.000199681
0.000998403
0.00599042
0.000199681
0.000199681
0.401558
0.000199681
0.000199681
0.0587061
0.00579073
0.000199681
0.00199681
0.000199681
0.000199681
0.123602
0.00139776
0.000199681
0.000798722
0.000199681
0.000399361
0.000199681
0.000199681
0.00159744
0.00878594
0.000399361
0.0806709
0.000199681
0.0071885
0.000199681
0.0716853
0.000199681
0.00119808
0.000998403
0.000199681
0.000798722
0.39397
0.000199681
0.00119808
0.000199681
0.198083
0.000998403
0.000199681
0.000399361
0.00519169
0.00119808
0.000399361
0.00199681
0.000199681
0.0195687
0.000199681
0.000199681
0.000199681
0.000399361
0.000599042
0.000199681
0.00399361
0.00159744
0.000599042
0.000199681
0.000199681
0.000199681
0.000199681
0.00658946
0.000199681
0.0183706
0.0179712
0.000199681
0.000199681
0.200679
0.00239617
0.000399361
0.000998403
0.000199681
0.000199681
0.000199681
0.00119808
0.000199681
0.0323482
0.0105831
0.000199681
0.00139776
0.000199681
0.000199681
0.000399361
0.000399361
0.000599042
0.000399361
0.000199681
0.000199681
0.000199681
0.000199681
0.000199681
0.000399361
0.000199681
0.000399361
0.000399361
0.000599042
0.000199681
0.000199681
0.00259585
0.000199681
0.000199681
0.000199681
0.000199681
0.00419329
0.000998403
0.000399361
0.00678914
0.000199681
0.00299521
0.0129792
0.000599042
0.000599042
0.00359425
0.000199681
0.000199681
0.000199681
0.00179712
0.00419329
0.00159744
0.000199681
0.000199681
0.000199681
0.000199681
0.000199681
0.000599042
0.309904
0.000199681
0.066893
0.000199681
0.000998403
0.00459265
0.000199681
0.000599042
0.000399361
0.000399361
0.0379393
0.000399361
0.000199681
0.0203674
0.000199681
0.00139776
0.000199681
0.000199681
0.000599042
0.000599042
0.000199681
0.000998403
0.000199681
0.000599042
0.000199681
0.00259585
0.000199681
0.000199681
0.00119808
0.000199681
0.000399361
0.000199681
0.000199681
0.000199681
0.0113818
0.000199681
0.000199681
0.00379393
0.252396
0.000399361
0.160942
0.000599042
0.0177716
0.00259585
0.000199681
0.000199681
0.000199681
0.000199681
0.000199681
0.00139776
0.000998403
0.000199681
0.000199681
0.00858626
0.000199681
0.145966
0.0171725
0.000199681
0.00798722
0.000199681
0.000199681
0.000399361
0.000399361
0.00519169
0.000399361
0.000399361
0.00199681
0.0109824
0.000199681
0.00179712
0.00599042
0.019369
0.00579073
0.000998403
0.0189696
0.00399361
0.0279553
0.201278
0.000199681
0.000199681
0.0119808
0.000199681
0.00199681
0.000199681
0.000998403
0.00299521
0.00319489
0.0591054
0.000199681
0.000199681
0.00998403
0.0485224
0.000199681
0.000199681
0.000199681
0.000399361
0.000998403
0.000199681
0.000399361
0.00978435
0.000199681
0.000199681
0.000199681
0.000199681
0.000199681
0.000399361
0.00279553
0.000599042
0.000399361
0.000199681
0.146965
0.000199681
0.00658946
0.000599042
0.000399361
0.000199681
0.000399361
0.00599042
0.000199681
0.289936
0.000199681
0.373802
0.00379393
0.0101837
0.000199681
0.000599042
0.00159744
0.000199681
0.174521
0.000399361
0.00119808
0.122804
0.000399361
0.0189696
0.00678914
0.00179712
0.000199681
0.000199681
0.000399361
0.000199681
0.000199681
0.00259585
0.000199681
0.000399361
0.000199681
0.00179712
0.000199681
0.000399361
0.000399361
0.000199681
0.000199681
0.000199681
0.000199681
0.00339457
0.000599042
0.000199681
0.000199681
0.000599042
0.000199681
0.000798722
0.00179712
0.000199681
0.000798722
0.000599042
0.000199681
0.00139776
0.000199681
0.000199681
0.000399361
0.000199681
0.000199681
0.000399361
0.000399361
0.000399361
0.000798722
0.000199681
0.000798722
0.000599042
0.00838658
0.0151757
0.00159744
0.000199681
0.0183706
0.000199681
0.00119808
0.000399361
0.000199681
0.0123802
0.00139776
0.000199681
0.000399361
0.210064
0.000199681
0.000199681
0.000199681
0.00239617
0.000399361
0.00139776
0.000399361
0.246805
0.00159744
0.00439297
0.00179712
0.000399361
0.000199681
0.00179712
0.000199681
0.0139776
0.214657
0.00319489
0.000199681
0.000199681
0.0347444
0.000798722
0.000199681
0.000199681
0.000199681
0.000399361
0.000399361
0.00559105
0.00279553
0.000798722
0.000199681
0.000199681
0.000399361
0.000199681
0.00279553
0.000199681
0.00199681
0.000199681
0.000199681
0.000199681
0.000199681
0.000199681
0.000199681
0.0359425
0.000199681
0.000199681
0.00119808
0.00139776
0.000199681
0.000199681
0.000798722
0.00119808
0.000399361
0.000599042
0.000399361
0.00519169
0.000199681
0.00459265
0.000199681
0.023762
0.000399361
0.000399361
0.00678914
0.000199681
0.000199681
0.000399361
0.000199681
0.459665
0.00499201
0.0291534
0.000599042
0.00559105
0.0291534
0.000199681
0.000998403
0.0107827
0.0974441
0.00159744
0.000399361
0.213259
0.000199681
0.0061901
0.00599042
0.000199681
0.00758786
0.00798722
0.000399361
0.000199681
0.000199681
0.000199681
0.000199681
0.0115815
0.000199681
0.000199681
0.00399361
0.000199681
0.000599042
0.0135783
0.0071885
0.000399361
0.000199681
0.000199681
0.000798722
0.394768
0.000798722
0.00179712
0.000199681
0.00499201
0.000199681
0.000399361
0.000199681
0.000798722
0.000599042
0.000798722
0.000199681
0.00119808
0.000199681
0.000199681
0.00359425
0.00479233
0.000199681
0.000998403
0.000199681
0.0105831
0.000199681
0.00199681
0.000199681
0.000399361
0.0091853
0.0135783
0.000798722
0.000798722
0.000199681
0.000199681
0.000399361
0.000998403
0.445288
0.136781
0.000199681
0.000399361
0.000199681
0.00499201
0.000998403
0.0235623
0.00139776
0.00638978
0.000399361
0.00139776
0.000399361
0.319688
0.000399361
0.000199681
0.0199681
0.00139776
0.000199681
0.000998403
0.000998403
0.000798722
0.000798722
0.00139776
0.0261581
0.00658946
0.000399361
0.000199681
0.000798722
0.000199681
0.000399361
0.0529153
0.000199681
0.000399361
0.00119808
0.000599042
0.000199681
0.000199681
0.000798722
0.000199681
0.186102
0.000199681
0.000599042
0.480431
0.00159744
0.00539137
0.000199681
0.00179712
0.0185703
0.00778754
0.15635
0.0948482
0.000399361
0.0321486
0.000399361
0.000199681
0.00219649
0.000199681
0.000399361
0.000399361
0.000199681
0.000199681
0.000199681
0.000199681
0.000199681
0.0181709
0.000199681
0.000199681
0.000399361
0.000199681
0.000599042
0.000199681
0.109225
0.000599042
0.338259
0.0109824
0.000199681
0.000399361
0.000199681
0.000199681
0.000998403
0.000199681
0.000998403
0.000399361
0.0583067
0.00259585
0.000199681
0.000399361
0.000998403
0.0091853
0.000199681
0.000199681
0.000199681
0.00199681
0.0061901
0.00379393
0.000599042
0.000199681
0.000199681
0.000199681
0.125799
0.0497204
0.000199681
0.000199681
0.000199681
0.0499201
0.0499201
0.0159744
0.121406
0.000798722
0.00259585
0.000199681
0.000199681
0.0111821
0.00259585
0.000199681
0.00119808
0.429912
0.000599042
0.000199681
0.000798722
0.000798722
0.000798722
0.0071885
0.0225639
0.000199681
0.00259585
0.000199681
0.0133786
0.00139776
0.000199681
0.00259585
0.00299521
0.00239617
0.000199681
0.000399361
0.00658946
0.000199681
0.000199681
0.00159744
0.000599042
0.00519169
0.000998403
0.000399361
0.000199681
0.000199681
0.00279553
0.000199681
0.00119808
0.000199681
0.00179712
0.000199681
0.000399361
0.000199681
0.000199681
0.000199681
0.000199681
0.11262
0.000798722
0.000599042
0.00259585
0.00359425
0.000199681
0.000998403
0.221446
0.000199681
0.000199681
0.00179712
0.000199681
0.0419329
0.00499201
0.000399361
0.00359425
0.000199681
0.273762
0.000199681
0.000399361
0.000399361
0.000199681
0.0135783
0.000399361
0.000199681
0.000199681
0.00439297
0.000199681
0.00139776
0.00139776
0.000399361
0.000199681
0.00399361
0.000399361
0.000199681
0.000199681
0.000199681
0.000199681
0.00459265
0.000998403
0.000199681
0.0191693
0.00259585
0.000199681
0.000199681
0.00219649
0.000199681
0.00199681
0.000399361
0.000399361
0.000199681
0.000199681
0.000199681
0.000399361
0.00279553
0.000399361
0.00219649
0.000199681
0.000199681
0.000199681
0.00139776
0.000199681
0.000199681
0.000199681
0.000199681
0.000199681
0.000998403
0.000599042
0.000399361
0.000199681
0.000199681
0.00119808
0.00139776
0.000199681
0.00938498
0.00938498
0.000399361
0.000199681
0.0141773
0.000399361
0.000199681
0.00479233
0.00219649
0.000199681
0.000199681
0.00519169
0.000199681
0.000199681
0.000199681
0.0419329
0.000199681
0.000599042
0.00179712
0.000199681
0.000798722
0.000199681
0.203674
0.0497204
0.135583
0.000599042
0.000199681
0.00139776
0.00299521
0.000599042
0.000199681
0.000599042
0.000199681
0.000599042
0.000998403
0.0061901
0.000399361
0.00179712
0.00239617
0.00239617
0.000599042
0.000399361
0.000399361
0.000199681
0.000199681
0.00439297
0.000199681
0.00419329
0.000199681
0.000599042
0.000399361
0.000199681
0.108227
0.000199681
0.000399361
0.000798722
0.000199681
0.000199681
0.00199681
0.00239617
0.000599042
0.000199681
0.000199681
0.000199681
0.000199681
0.000599042
0.000199681
0.000199681
0.000998403
0.000399361
0.000199681
0.000199681
0.00798722
0.000199681
0.00758786
0.0501198
0.355831
0.000199681
0.00299521
0.000998403
0.000199681
0.000599042
0.0185703
0.000199681
0.000199681
0.00299521
0.000798722
0.000199681
0.000798722
0.000399361
0.000199681
0.000199681
0.000199681
0.00599042
0.000399361
0.000399361
0.0175719
0.0081869
0.000199681
0.00339457
0.000599042
0.0409345
0.000199681
0.000599042
0.00139776
0.000199681
0.0605032
0.000798722
0.139577
0.000399361
0.000199681
0.000199681
0.000199681
0.000399361
0.000199681
0.000199681
0.222244
0.000599042
0.00479233
0.000399361
0.000199681
0.00439297
0.000399361
0.000199681
0.000199681
0.00299521
0.000199681
0.000399361
0.00239617
0.000199681
0.000199681
0.000199681
0.000798722
0.00259585
0.0101837
0.00579073
0.0764776
0.0704872
0.0992412
0.000199681
0.0305511
0.000399361
0.000399361
0.0181709
0.000199681
0.000399361
0.000199681
0.000399361
0.188099
0.000798722
0.00439297
0.000199681
0.0061901
0.000199681
0.000199681
0.0261581
0.338858
0.000399361
0.000199681
0.000599042
0.0227636
0.000199681
0.000199681
0.000399361
0.000199681
0.000798722
0.000199681
0.000199681
0.000399361
0.000199681
0.00678914
0.0117812
0.0211661
0.000199681
0.000399361
0.000199681
0.247005
0.000399361
0.000199681
0.0615016
0.385783
0.000199681
0.000798722
0.000199681
0.000199681
0.000199681
0.000199681
0.000798722
0.0407348
0.000199681
0.0245607
0.00219649
0.000199681
0.000199681
0.000399361
0.000199681
0.000199681
0.000399361
0.000399361
0.000199681
0.0457268
0.000399361
0.000199681
0.000399361
0.00319489
0.000199681
0.000199681
0.00119808
0.000399361
0.000798722
0.000199681
0.000199681
0.000199681
0.00858626
0.00159744
0.00978435
0.077476
0.000998403
0.00259585
0.00339457
0.00119808
0.000399361
0.000199681
0.000199681
0.000599042
0.277556
0.000199681
0.00139776
0.00459265
0.000199681
0.000199681
0.000399361
0.00119808
0.000199681
0.000599042
0.119209
0.00179712
0.000399361
0.00119808
0.0145767
0.000199681
0.00279553
0.0199681
0.000798722
0.00539137
0.0692891
0.000599042
0.000199681
0.000199681
0.000199681
0.000199681
0.130192
0.000199681
0.000199681
0.000199681
0.000199681
0.00379393
0.373403
0.000199681
0.0353435
0.00179712
0.000399361
0.000199681
0.000399361
0.000199681
0.000399361
0.000599042
0.481829
0.241813
0.0417332
0.00159744
0.000199681
0.000199681
0.00658946
0.000399361
0.000199681
0.000199681
0.000199681
0.00119808
0.000199681
0.000199681
0.000199681
0.000199681
0.000599042
0.000399361
0.000199681
0.000199681
0.000399361
0.000199681
0.00139776
0.362819
0.000599042
0.000199681
0.000199681
0.000199681
0.0175719
0.000199681
0.170527
0.000199681
0.000199681
0.000199681
0.000199681
0.000199681
0.000199681
0.327077
0.00399361
0.000199681
0.000199681
0.000199681
0.000199681
0.000199681
0.000798722
0.000399361
0.000199681
0.000199681
0.000199681
0.000399361
0.00159744
0.024361
0.0109824
0.000798722
0.000399361
0.000199681
0.000199681
0.000798722
0.000798722
0.00698882
0.00698882
0.000199681
0.000199681
0.000199681
0.000199681
0.000199681
0.000199681
0.000199681
0.000199681
0.000199681
0.00139776
0.00119808
0.000399361
0.000199681
0.000199681
0.0706869
0.000399361
0.00159744
0.000199681
0.000199681
0.00179712
0.000599042
0.000798722
0.000399361
0.000998403
0.000199681
0.000199681
0.000998403
0.0203674
0.000399361
0.000798722
0.000199681
0.000199681
0.000199681
0.0213658
0.199681
0.00698882
0.00119808
0.000599042
0.00898562
0.0229633
0.000399361
0.00359425
0.00159744
0.000199681
0.000199681
0.000798722
0.000199681
0.000199681
0.000399361
0.000199681
0.000199681
0.128794
0.000798722
0.000199681
0.000199681
0.000199681
0.000199681
0.000199681
0.000199681
0.0223642
0.000199681
0.00139776
0.000399361
0.000199681
0.00219649
0.000199681
0.000599042
0.000399361
0.00239617
0.157548
0.000199681
0.014377
0.00559105
0.000798722
0.000199681
0.000199681
0.00119808
0.000199681
0.019369
0.21845
0.000399361
0.000199681
0.00339457
0.0333466
0.00139776
0.000199681
0.000998403
0.00119808
0.00878594
0.000599042
0.000199681
0.000199681
0.0207668
0.000199681
0.000199681
0.000399361
0.000399361
0.00279553
0.000599042
0.000199681
0.000199681
0.00259585
0.00179712
0.000998403
0.000199681
0.000199681
0.000199681
0.0133786
0.000199681
0.000199681
0.00678914
0.000199681
0.000199681
0.000199681
0.000199681
0.000199681
0.000199681
0.00599042
0.00339457
0.000199681
0.000199681
0.000599042
0.000399361
0.000199681
0.0131789
0.000199681
0.000399361
0.000798722
0.000199681
0.000199681
0.000199681
0.000199681
0.000399361
0.000998403
0.000599042
0.00299521
0.39397
0.391174
0.00359425
0.00279553
0.000199681
0.000199681
0.000199681
0.000199681
0.00119808
0.000199681
0.39377
0.0117812
0.000199681
0.0189696
0.00199681
0.00359425
0.000399361
0.000199681
0.000399361
0.000399361
0.346246
0.000199681
0.00119808
0.000199681
0.000199681
0.00139776
0.00179712
0.0209665
0.000998403
0.000199681
0.000998403
0.000199681
0.000199681
0.000199681
0.00119808
0.000199681
0.000199681
0.000199681
0.000199681
0.0257588
0.0201677
0.000798722
0.000399361
0.000199681
0.0595048
0.000399361
0.00938498
0.000199681
0.000199681
0.00159744
0.000599042
0.000199681
0.0303514
0.00159744
0.000998403
0.000199681
0.000998403
0.000399361
0.000399361
0.478235
0.000998403
0.000399361
0.00179712
0.000199681
0.00119808
0.000798722
0.000399361
0.000199681
0.00239617
0.000199681
0.000199681
0.000199681
0.427316
0.447085
0.000199681
0.013778
0.000199681
0.000199681
0.000199681
0.000599042
0.000199681
0.000199681
0.000998403
0.000199681
0.0183706
0.000399361
0.00139776
0.000199681
0.000199681
0.00998403
0.000599042
0.000199681
0.000199681
0.000199681
0.000199681
0.000599042
0.373403
0.000399361
0.000199681
0.000399361
0.000599042
0.000199681
0.000199681
0.000199681
0.000599042
0.00339457
0.00119808
0.000199681
0.000199681
0.00119808
0.00419329
0.00319489
0.000399361
0.000199681
0.00119808
0.000399361
0.0784744
0.00219649
0.000199681
0.000199681
0.00299521
0.0816693
0.000199681
0.000199681
0.000798722
0.000199681
0.00359425
0.00399361
0.0974441
0.00359425
0.000399361
0.000199681
0.000798722
0.000199681
0.000399361
0.000199681
0.000199681
0.00219649
0.000199681
0.000998403
0.000599042
0.000399361
0.00119808
0.000399361
0.000199681
0.000199681
0.000798722
0.000199681
0.00239617
0.00219649
0.000199681
0.000199681
0.000199681
0.000399361
0.000399361
0.000199681
0.000199681
0.000199681
0.000399361
0.00459265
0.000199681
0.0107827
0
0.000199681
0.00119808
0.000199681
0.00359425
0.00259585
0.000199681
0.000199681
0.00259585
0.000199681
0.00239617
0.000199681
0.000199681
0.0690895
0.00239617
0.000399361
0.00599042
0.00379393
0.00419329
0.00399361
0.000798722
0.00459265
0.000599042
0.0401358
0.000199681
0.000199681
0.00119808
0.000399361
0.00119808
0.00978435
0.029353
0.00299521
0.000199681
0.000399361
0.000199681
0.415935
0.000199681
0.000998403
0.000199681
0.111621
0.00199681
0.000399361
0.00459265
0.000199681
0.0105831
0.0167732
0.000199681
0.000199681
0.0071885
0.000998403
0.000199681
0.000998403
0.000599042
0.000199681
0.217652
0.000199681
0.000798722
0.000199681
0.000399361
0.0573083
0.048123
0.000599042
0.00159744
0.00539137
0.00519169
0.000199681
0.000199681
0.000199681
0.000199681
0.000798722
0.00519169
0.00579073
0.0315495
0.000399361
0.00519169
0.000199681
0.000199681
0.00179712
0.00199681
0.000199681
0.000199681
0.00978435
0.000599042
0.000199681
0.00439297
0.000199681
0.000199681
0.000399361
0.000199681
0.000998403
0.000399361
0.000199681
0.000998403
0.000199681
0.000199681
0.00459265
0.000599042
0.000798722
0.00119808
0.127396
0.000399361
0.000199681
0.00159744
0.000199681
0.000199681
0.000199681
0.000599042
0.0233626
0.000199681
0.000199681
0.000199681
0.000199681
0.000399361
0.000199681
0.000199681
0.000199681
0.000199681
0.000399361
0.000199681
0.00119808
0.000599042
0.000199681
0.476238
0.000199681
0.00379393
0.000399361
0.000199681
0.000199681
0.000199681
0.000798722
0.000199681
0.000199681
0.0103834
0.000199681
0.000199681
0.00898562
0.1248
0.000399361
0.000199681
0.000599042
0.000199681
0.00339457
0.000199681
0.000199681
0.00119808
0.000199681
0.00379393
0.0738818
0.000399361
0.04373
0.000399361
0.000199681
0.00119808
0.000199681
0.000199681
0.0123802
0.000399361
0.000199681
0.000399361
0.000199681
0.000199681
0.000199681
0.000399361
0.0133786
0.000199681
0.00179712
0.000998403
0.00119808
0.000998403
0.000399361
0.00119808
0.0129792
0.000199681
0.000199681
0.000399361
0.0263578
0.000798722
0.000599042
0.000199681
0.000199681
0.086861
0.000199681
0.00638978
0.000199681
0.000199681
0.00139776
0.000998403
0.000199681
0.00319489
0.000199681
0.000199681
0.101837
0.00119808
0.369609
0.000199681
0.000199681
0.000199681
0.000199681
0.000399361
0.000998403
0.000399361
0.0171725
0.000998403
0.000199681
0.000199681
0.000199681
0.000199681
0.000399361
0.19369
0.00519169
0.000199681
0.000199681
0.000199681
0.000199681
0.000599042
0.000199681
0.0223642
0.000199681
0.000199681
0.000199681
0.000199681
0.000199681
0.00139776
0.00139776
0.000399361
0.226238
0.000199681
0.00199681
0.000599042
0.0131789
0.476837
0.000399361
0.000199681
0.000599042
0.000199681
0.00119808
0.000199681
0.00359425
0.000599042
0.000199681
0.000199681
0.000599042
0.00239617
0.000199681
0.000998403
0.000399361
0.0101837
0.000199681
0.0189696
0.000399361
0.000199681
0.000399361
0.000199681
0.00199681
0.000599042
0.000199681
0.0984425
0.000399361
0.0311502
0.000199681
0.000199681
0.0407348
0.152756
0.000199681
0.00638978
0.000199681
0.00838658
0.000599042
0.00119808
0.000199681
0.000199681
0.00199681
0.000399361
0.00179712
0.000199681
0.000798722
0.000199681
0.00978435
0.000399361
0.000599042
0.000199681
0.126198
0.00119808
0.000199681
0.0121805
0.000199681
0.000199681
0.000399361
0.00359425
0.000199681
0.000599042
0.227236
0.0257588
0.00119808
0.000798722
0.000599042
0.00539137
0.00259585
0.000199681
0.00419329
0.000199681
0.000199681
0.038139
0.00299521
0.000199681
0.000599042
0.0708866
0.000199681
0.000199681
0.0263578
0.000399361
0.000798722
0.000199681
0.000399361
0.000998403
0.000199681
0.00559105
0.000199681
0.000199681
0.000599042
0.0121805
0.000199681
0.00119808
0.0173722
0.000199681
0.000399361
0.000199681
0.43151
0.000798722
0.0175719
0.000199681
0.00119808
0.0311502
0.00159744
0.000199681
0.000199681
0.000199681
0.000199681
0.00179712
0.00658946
0.000199681
0.000199681
0.000199681
0.00499201
0.000798722
0.000399361
0.000199681
0.000399361
0.000599042
0.000399361
0.322284
0.00119808
0
0.1
0.2
0.3
0.4
0.5
