0.392971
0.47524
0.023762
0.363019
0.363019
0.363019
0.0259585
0.461861
0.100439
0.122604
0.0894569
0.16274
0.420727
0.215855
0.0307508
0.252596
0.146166
0.31889
0.207069
0.107827
0.405351
0.000399361
0.00179712
0.411941
0.120407
0.257588
0.438698
0.278954
0.0625
0.185104
0.362819
0.411542
0.108427
0.390974
0.472045
0.448283
0.224641
0.430911
0.328674
0.323882
0.459065
0.362021
0.360823
0.421725
0.397165
0.387181
0.311102
0.320088
0.00239617
0.15655
0.395367
0.151558
0.109824
0.105631
0.300719
0.360823
0.141773
0.436701
0.0061901
0.193291
0.168331
0.155152
0.0682907
0.356829
0.420727
0.420727
0.420727
0.421326
0.420727
0.157548
0.399561
0.458866
0.458866
0.478035
0.430711
0.024361
0.171126
0.483427
0.186102
0.361422
0.043131
0.444089
0.0435304
0.189696
0.124201
0.255591
0.117812
0.426717
0.188698
0.0299521
0.417532
0.234225
0.481629
0.156949
0.342053
0.000798722
0.277356
0.0904553
0.00299521
0.324281
0.385184
0.457867
0.139976
0.449681
0.305312
0.228834
0.390575
0.033147
0.033147
0.475439
0.360024
0.341653
0.0587061
0.383387
0.392772
0.033147
0.00858626
0.276957
0.274561
0.00798722
0.488019
0.144569
0.347045
0.346446
0.365615
0.0800719
0.301318
0.204872
0.0573083
0.118211
0.412939
0.00698882
0.00219649
0.269968
0.49361
0.192292
0.0521166
0.449081
0.438498
0.399361
0.354034
0.354433
0.235823
0.307308
0.101438
0.316893
0.150359
0.0121805
0.210863
0.0814696
0.414936
0.0750799
0.0750799
0.11222
0.00179712
0.475839
0
0.00878594
0.379593
0.067492
0.288139
0.125
0.469848
0.275559
0.44389
0.46905
0.291534
0.167532
0.404153
0.389776
0.389776
0.454673
0.46845
0.333067
0.457268
0.00878594
0.000599042
0.000599042
0.00119808
0.000199681
0.000199681
0.00279553
0.000199681
0.000199681
0.00119808
0.0662939
0.249401
0.00139776
0.000599042
0.000199681
0.000199681
0.000199681
0.000199681
0.135783
0.0269569
0.00139776
0.000199681
0.000399361
0.0850639
0.000998403
0.0303514
0.000199681
0.000199681
0.000199681
0.000199681
0.000199681
0.000199681
0.000399361
0.158546
0.0533147
0.0305511
0.000199681
0.00259585
0.000399361
0.00678914
0.000199681
0.00279553
0.000399361
0.000199681
0.0161741
0.000199681
0.000199681
0.000199681
0.000199681
0.145168
0.000399361
0.000199681
0.0716853
0.000998403
0.000599042
0.000199681
0.000199681
0.000798722
0.000199681
0.000199681
0.000399361
0.000998403
0.000798722
0.000399361
0.000199681
0.00259585
0.000798722
0.0599042
0.000199681
0.00119808
0.00119808
0.000399361
0.000199681
0.000199681
0.000199681
0.000199681
0.000199681
0.000199681
0.000199681
0.000199681
0.000199681
0.000399361
0.00259585
0.000998403
0.000199681
0.00179712
0.000399361
0.000199681
0.000399361
0.000199681
0.00479233
0.000199681
0.000199681
0.00159744
0.000399361
0.0477236
0.000599042
0.000399361
0.0061901
0.000199681
0.00159744
0.00399361
0.000199681
0.000199681
0.000798722
0.000399361
0.000399361
0.0103834
0.000199681
0.00599042
0.00139776
0.00738818
0.000998403
0.000199681
0.1875
0.000199681
0.000199681
0.000199681
0.000199681
0.000199681
0.000199681
0.000399361
0.000199681
0.0501198
0.00279553
0.234824
0.000599042
0.000199681
0.000199681
0.00758786
0.000599042
0.000199681
0.00319489
0.000199681
0.0205671
0.000199681
0.00119808
0.00938498
0.000399361
0.000199681
0.000599042
0.000998403
0.00119808
0.000199681
0.000199681
0.120607
0.00219649
0.0061901
0.000199681
0.000199681
0.000399361
0.00698882
0.00119808
0.000199681
0.000199681
0.000199681
0.275559
0.000199681
0.000199681
0.000399361
0.00439297
0.00139776
0.00758786
0.0113818
0.000199681
0.000199681
0.00299521
0.000199681
0.000399361
0.00159744
0.0333466
0.000399361
0.000199681
0.00419329
0.000199681
0.000798722
0.000199681
0.0415335
0.0071885
0.000199681
0.000399361
0.000399361
0.0267572
0.0209665
0.000199681
0.000199681
0.000199681
0.000399361
0.000798722
0.000599042
0.000399361
0.000199681
0.00658946
0.00638978
0
0.000199681
0.000199681
0.000199681
0.000199681
0.000199681
0.000199681
0.000199681
0.000199681
0.000199681
0.106629
0.00219649
0.000798722
0.000199681
0.189696
0.000199681
0.00239617
0.000199681
0.000399361
0.00279553
0.000199681
0.000199681
0.000199681
0.0345447
0.000199681
0.0333466
0.000399361
0.00379393
0.00219649
0.000199681
0.000199681
0.353035
0.00399361
0.000599042
0.000399361
0.000798722
0.000199681
0.000599042
0.000199681
0.0113818
0.00179712
0.00399361
0.000399361
0.000199681
0.000599042
0.000998403
0.000199681
0.000199681
0.00359425
0.00419329
0.000199681
0.487819
0.0153754
0.488019
0.488219
0.0225639
0.0245607
0.000199681
0.000798722
0.00658946
0.000399361
0.000199681
0.000199681
0.000199681
0.000199681
0.00219649
0.000399361
0.000599042
0.000199681
0.000798722
0.00259585
0.000798722
0.000199681
0.000199681
0.000199681
0.000399361
0.000199681
0.000199681
0.000199681
0.000399361
0.000399361
0.000599042
0.000199681
0.000399361
0.00219649
0.034345
0.000599042
0.00638978
0.00638978
0.000199681
0.000199681
0.000599042
0.000199681
0.000199681
0.000199681
0.000199681
0.0151757
0.00499201
0.00199681
0.0145767
0.000199681
0.000599042
0.000798722
0.480831
0.000199681
0.000998403
0.000199681
0.000798722
0.00279553
0.000399361
0.000599042
0.000199681
0.0543131
0.000199681
0.000399361
0.000399361
0.000399361
0.000199681
0.000199681
0.000199681
0.000998403
0.000199681
0.000199681
0.00559105
0.000599042
0.000199681
0.00279553
0.000199681
0.00119808
0.000399361
0.000199681
0.000199681
0.0285543
0.0285543
0.000599042
0.000599042
0.000199681
0.000399361
0.000199681
0.0209665
0.00539137
0.000399361
0.00299521
0.000399361
0.000399361
0.000199681
0.00119808
0.000199681
0.000599042
0.000199681
0.000399361
0.000199681
0.000599042
0.000199681
0.000199681
0.000199681
0.0952476
0.000199681
0.000199681
0.000199681
0.00119808
0.000599042
0.000199681
0.000199681
0.000199681
0.000199681
0.00479233
0.000199681
0.000599042
0.000199681
0.000199681
0.000199681
0.000399361
0.000199681
0.000399361
0.00119808
0.0509185
0.0395367
0.000199681
0.000199681
0.000199681
0.000199681
0.00219649
0.000199681
0.000199681
0.000599042
0.000199681
0.000199681
0.00359425
0.00259585
0.00579073
0.000199681
0.000998403
0.000599042
0.000199681
0.000199681
0.000399361
0.0716853
0.000199681
0.000599042
0.000199681
0.000199681
0.000199681
0.00399361
0.00778754
0.0820687
0.0121805
0.000199681
0.000199681
0.000399361
0.000599042
0.000599042
0.000199681
0.000199681
0.000998403
0.000199681
0.000199681
0.000599042
0.000399361
0.000199681
0.00519169
0.156749
0.00199681
0.000199681
0.000199681
0.000199681
0.000199681
0.000399361
0.000399361
0.0644968
0.000199681
0.00519169
0.00159744
0.000199681
0.061901
0.000399361
0.00119808
0.000199681
0.00239617
0.000199681
0.00219649
0.000399361
0.42512
0.0141773
0.000199681
0.000199681
0.000199681
0.000199681
0.000798722
0.000199681
0.000399361
0.000199681
0.000798722
0.000399361
0.000399361
0.000199681
0.000199681
0.000199681
0.0081869
0.000199681
0.00798722
0.0061901
0.000798722
0.0714856
0.000798722
0.000399361
0.000199681
0.0081869
0.0141773
0.000199681
0.00379393
0.0113818
0.00798722
0.00678914
0.00259585
0.00119808
0.000199681
0.000199681
0.00339457
0.000798722
0.00199681
0.000399361
0.000399361
0.000199681
0.000199681
0.000399361
0.000199681
0.0469249
0.000199681
0.000798722
0.000599042
0.000199681
0.000199681
0.000199681
0.000199681
0.382987
0.000199681
0.000199681
0.0970447
0.000798722
0.000199681
0.00139776
0.000199681
0.000199681
0.000199681
0.101438
0.00179712
0.102436
0.000199681
0.0704872
0.0139776
0.000199681
0.000199681
0.00858626
0.000199681
0.000199681
0.000199681
0.00139776
0.000199681
0.000199681
0.000199681
0.000399361
0.000199681
0.000399361
0.00299521
0.00199681
0.000399361
0.00499201
0.000199681
0.000199681
0.00219649
0.000798722
0.000399361
0.000599042
0.0131789
0.0129792
0.231829
0.000199681
0.000399361
0.000199681
0.000199681
0.000199681
0.00279553
0.00159744
0.000199681
0.000199681
0.0101837
0.000199681
0.000399361
0.000399361
0.000399361
0.000998403
0.000199681
0.000798722
0.000199681
0.000199681
0.000199681
0.0806709
0.000399361
0.000199681
0.000199681
0.000199681
0.000199681
0.000199681
0.000199681
0.000798722
0.119209
0.149561
0.014377
0.000199681
0.0301518
0.00878594
0.000199681
0.000199681
0.00119808
0.000199681
0.013778
0.0117812
0.000599042
0.0111821
0.00359425
0.00179712
0.000399361
0.00938498
0.000399361
0.0103834
0.000199681
0.000199681
0.000798722
0.000199681
0.00559105
0.000199681
0.000199681
0.000199681
0.000199681
0.000199681
0.000199681
0.00199681
0.000199681
0.000199681
0.000199681
0.000199681
0.00179712
0.000199681
0.000199681
0.000599042
0.000199681
0.000599042
0.000199681
0.00179712
0.000199681
0.000599042
0.00738818
0.000199681
0.000199681
0.000199681
0.063099
0.00199681
0.000199681
0.000199681
0.000399361
0.000199681
0.0071885
0.000399361
0.0071885
0.00219649
0.000199681
0.000199681
0.000199681
0.00119808
0.00279553
0.000399361
0.000199681
0.0469249
0.000199681
0.000199681
0.000199681
0.00439297
0.000399361
0.0081869
0.000199681
0.000599042
0.000199681
0.414537
0.000399361
0.000199681
0.0157748
0.000399361
0.000599042
0.000399361
0.000199681
0.000798722
0.00279553
0.000599042
0.000199681
0.000399361
0.000199681
0.000399361
0.0161741
0.000199681
0.000199681
0.0197684
0.0179712
0.0117812
0.445687
0.000798722
0.000199681
0.00139776
0.00139776
0.000399361
0.000399361
0.000798722
0.00179712
0.000199681
0.0521166
0.0091853
0.000199681
0.00239617
0.000199681
0.000199681
0.0081869
0.000199681
0.000199681
0.10643
0.000199681
0.000399361
0.00139776
0.000199681
0.00279553
0.000599042
0.000199681
0.000199681
0.251997
0.00978435
0.000399361
0.000199681
0.00119808
0.000199681
0.000199681
0.00139776
0.00199681
0.00139776
0.000199681
0.000199681
0.000199681
0.000199681
0.000199681
0.000399361
0.000199681
0.000798722
0.000199681
0.000599042
0.000399361
0.000199681
0.000199681
0.000599042
0.000399361
0.00379393
0.000199681
0.000199681
0.000798722
0.000199681
0.000199681
0.00499201
0.0541134
0.0840655
0.000399361
0.000199681
0.000199681
0.000199681
0.000399361
0.000199681
0.000199681
0.00239617
0.043131
0.000199681
0.000399361
0.00219649
0.00199681
0.00459265
0.000599042
0.000199681
0.000798722
0.00379393
0.00279553
0.000199681
0.0339457
0.000199681
0.0613019
0.000199681
0.0970447
0.000798722
0.0161741
0.359026
0.00199681
0.00259585
0.409545
0.000199681
0.0716853
0.00179712
0.000798722
0.000199681
0.000399361
0.0161741
0.000399361
0.000199681
0.000199681
0.000199681
0.000199681
0.000199681
0.000399361
0.000399361
0.0732827
0.000399361
0.000399361
0.000199681
0.00599042
0.000199681
0.0251597
0.000199681
0.00359425
0.376797
0.000199681
0.000399361
0.000199681
0.000199681
0.000798722
0.000199681
0.000199681
0.000199681
0.000199681
0.000599042
0.000199681
0.000199681
0.000199681
0.000199681
0.000199681
0.000399361
0.00579073
0.000199681
0.0209665
0.0151757
0.000199681
0.0131789
0.000399361
0.214657
0.000199681
0.000399361
0.000199681
0.0277556
0.000199681
0.000199681
0.0894569
0.000199681
0.000399361
0.000199681
0.00778754
0.000399361
0.000199681
0.000199681
0.000798722
0.000199681
0.000199681
0.000399361
0.00199681
0.162939
0.000199681
0.0313498
0.00738818
0.0303514
0.000399361
0.000199681
0.00119808
0.000199681
0.0830671
0.00339457
0.00139776
0.000199681
0.000199681
0.000199681
0.000199681
0.000599042
0.106829
0.000199681
0.107029
0.000199681
0.00399361
0.372804
0.372804
0.0071885
0.0263578
0.00159744
0.0355431
0.000199681
0.0309505
0.0261581
0.000199681
0.000399361
0.00439297
0.000199681
0.000199681
0.000199681
0.000199681
0.00139776
0.000199681
0.0289537
0.000998403
0.000199681
0.000199681
0.000199681
0.000199681
0.000199681
0.18111
0.00898562
0.000399361
0.00139776
0.000199681
0.130391
0.000399361
0.00579073
0.00259585
0.000199681
0.000199681
0.000599042
0.000599042
0.000599042
0.000199681
0.000199681
0.000199681
0.000199681
0.223842
0.000399361
0.000399361
0.000599042
0.000199681
0.000199681
0.000199681
0.000199681
0.000199681
0.00139776
0.000399361
0.000199681
0.000798722
0.000199681
0.000798722
0.000199681
0.000199681
0.000798722
0.0441294
0.00299521
0.000199681
0.000199681
0.000399361
0.000199681
0.00259585
0.000199681
0.0275559
0.000998403
0.00199681
0.000199681
0.000798722
0.000199681
0.000399361
0.00638978
0.000199681
0.000599042
0.000199681
0.000199681
0.000199681
0.0081869
0.00179712
0.000199681
0.000199681
0.000798722
0.000798722
0.000798722
0.00299521
0.000399361
0.000199681
0.000998403
0.0071885
0.000199681
0.000199681
0.000998403
0.000599042
0.000199681
0.000199681
0.000199681
0.000199681
0.000199681
0.000199681
0.00199681
0.00159744
0.0251597
0.000199681
0.000399361
0.000399361
0.000199681
0.00379393
0.00119808
0.000399361
0.0219649
0.000199681
0.0379393
0.000199681
0.00139776
0.000199681
0.000199681
0.000199681
0.000399361
0.0135783
0.000199681
0.000199681
0.00199681
0.000399361
0.0157748
0.238618
0.000399361
0.000199681
0.000798722
0.000199681
0.00299521
0.0217652
0.000998403
0.000199681
0.000199681
0.000199681
0.000798722
0.000199681
0.000199681
0.0211661
0.000199681
0.000399361
0.000399361
0.000599042
0.000399361
0.000199681
0.0189696
0.000199681
0.000199681
0.000798722
0.000998403
0.000199681
0.000199681
0.000199681
0.000199681
0.000599042
0.000199681
0.000199681
0.000199681
0.000399361
0.00139776
0.000199681
0.000199681
0.000199681
0.000199681
0.000199681
0.000199681
0.000199681
0.00339457
0.000199681
0.00219649
0.000199681
0.000399361
0.000599042
0.000399361
0.00439297
0.000399361
0.000199681
0.00219649
0.000399361
0.000199681
0.000199681
0.000199681
0.000199681
0.000199681
0.00299521
0.000199681
0.000199681
0.000199681
0.000199681
0.000399361
0.188299
0.000199681
0.00479233
0.1875
0.000599042
0.000399361
0.000199681
0.000199681
0.0235623
0.00119808
0.00279553
0.000199681
0.000399361
0.000998403
0.000399361
0.000798722
0.000199681
0.000599042
0.000599042
0.00359425
0.00499201
0.00279553
0.000199681
0.248003
0.000798722
0.000199681
0.00259585
0.000798722
0.000199681
0.000199681
0.000199681
0.108826
0.000199681
0.000199681
0.000599042
0.000199681
0.00559105
0.000199681
0.000199681
0.000199681
0.000199681
0.00199681
0.000199681
0.000199681
0.000199681
0.000199681
0.000599042
0.000199681
0.000199681
0.000199681
0.000199681
0.000998403
0.000199681
0.000199681
0.000399361
0.000199681
0.000199681
0.000599042
0.000199681
0.000199681
0.000399361
0.000199681
0.000199681
0.000199681
0.000599042
0.000199681
0.000798722
0.000599042
0.000199681
0.000399361
0.00579073
0.000199681
0.000599042
0.00119808
0.000199681
0.000199681
0.000199681
0.00159744
0.000199681
0.000199681
0.000199681
0.00319489
0.000199681
0.000199681
0.000399361
0.000599042
0.0345447
0.000599042
0.0349441
0.000199681
0.0121805
0.000199681
0.0345447
0.00179712
0.000199681
0.000399361
0.00379393
0.00219649
0.00559105
0.000798722
0.000199681
0.000199681
0.000199681
0.00399361
0.000399361
0.000798722
0.000998403
0.000599042
0.000199681
0.000199681
0.0061901
0.0061901
0.0141773
0.000199681
0.00878594
0.000199681
0.00339457
0.000199681
0.000199681
0.000399361
0.000199681
0.00139776
0.00119808
0.000199681
0.000798722
0.00519169
0.000199681
0.000399361
0.00239617
0.000199681
0.000599042
0.000399361
0.000199681
0.000798722
0.000599042
0.000399361
0.0217652
0.000998403
0.000199681
0.327476
0.000399361
0.000199681
0.00958466
0.000199681
0.000199681
0.000199681
0.00399361
0.00119808
0.000199681
0.000399361
0.000399361
0.000199681
0.0135783
0.000798722
0.00239617
0.286142
0.000199681
0.000199681
0.000199681
0.000199681
0.000199681
0.000199681
0.000199681
0.000199681
0.000199681
0.000199681
0.000199681
0.115216
0.000599042
0.00738818
0.000199681
0.000199681
0.0577077
0.00199681
0.000399361
0.000199681
0.000798722
0.000599042
0.066893
0.000399361
0.000998403
0.00139776
0.000998403
0.000199681
0.00139776
0.014377
0.000199681
0.0770767
0.000199681
0.000199681
0.00359425
0.0129792
0.000399361
0.00159744
0.193091
0.00479233
0.000599042
0.000199681
0.00119808
0.000399361
0.0179712
0.00139776
0.00159744
0.000798722
0.0111821
0.0141773
0.000199681
0.000199681
0.000399361
0.000199681
0.000199681
0.000199681
0.000199681
0.00738818
0.000399361
0.000199681
0.000199681
0.0247604
0.190096
0.0357428
0.00339457
0.000199681
0.000399361
0.000199681
0.00159744
0.000199681
0.00239617
0.000199681
0.000399361
0.000199681
0.00219649
0.000199681
0.000399361
0.000199681
0.000399361
0.00219649
0.000399361
0.00379393
0.0133786
0.000199681
0.000199681
0.000199681
0.000199681
0.000399361
0.000199681
0.000199681
0.000399361
0.000199681
0.00359425
0.000399361
0.000199681
0.000199681
0.000199681
0.000599042
0.000199681
0.000599042
0.0155751
0.048123
0.00219649
0.000199681
0.000399361
0.116813
0
0.000199681
0.00798722
0.00139776
0.00279553
0.000199681
0.000199681
0.000199681
0.000998403
0.000998403
0.000399361
0.000399361
0.000199681
0.000199681
0.0117812
0.000399361
0.000199681
0.000399361
0.000199681
0.00199681
0.000199681
0.000199681
0.000399361
0.000998403
0.000998403
0.000199681
0.000199681
0.000599042
0.000199681
0.00519169
0.000798722
0.0061901
0.00139776
0.000399361
0.240415
0.000798722
0.000199681
0.00419329
0.0341454
0.000199681
0.00259585
0.000399361
0.000798722
0.000798722
0.00139776
0.000199681
0.000199681
0.00419329
0.000199681
0.000998403
0.000199681
0.000199681
0.000199681
0.000199681
0.000199681
0.00938498
0.00938498
0.00958466
0.000199681
0.000599042
0.000599042
0.00219649
0.00199681
0.0439297
0.000399361
0.00838658
0.000199681
0.000399361
0.0115815
0.0133786
0.000798722
0.000798722
0.000798722
0.000798722
0.000399361
0.000199681
0.000599042
0.000599042
0.029353
0.235024
0.0201677
0.000399361
0.00199681
0.135184
0.214257
0.000199681
0.00539137
0.00419329
0.00419329
0.00119808
0.000798722
0.000798722
0.465256
0.000199681
0.000199681
0.000199681
0.00738818
0.0139776
0.00259585
0.00419329
0.000199681
0.000599042
0.105431
0.0676917
0.00379393
0.000199681
0.000199681
0.0101837
0.000199681
0.000199681
0.000199681
0.000399361
0.00299521
0.00219649
0.000399361
0.0621006
0.0824681
0.00459265
0.000399361
0.0621006
0.00359425
0.000199681
0.000199681
0.000399361
0.000399361
0.000199681
0.000199681
0.00539137
0.000399361
0.000399361
0.038139
0.00539137
0.000199681
0.000199681
0.000199681
0.0199681
0.000199681
0.000998403
0.000199681
0.000798722
0.000199681
0.000399361
0.000199681
0.000199681
0.000199681
0.000199681
0.00119808
0.000199681
0.487819
0.00439297
0.00678914
0.0131789
0.000399361
0.000599042
0.000199681
0.000199681
0.383187
0.000199681
0.000199681
0.000199681
0.000798722
0.000199681
0.000199681
0.00239617
0.000199681
0.000599042
0.000199681
0.00119808
0.00219649
0.00259585
0.00119808
0.00139776
0.000998403
0.000199681
0.000199681
0.000199681
0.0289537
0.000199681
0.000199681
0.000199681
0.000599042
0.00179712
0.000199681
0.000199681
0.000199681
0.0299521
0.0105831
0.000199681
0.000199681
0.000199681
0.00239617
0.000599042
0.0121805
0.00139776
0.000199681
0.0301518
0.00758786
0.000199681
0.00758786
0.000199681
0.000199681
0.0555112
0.0549121
0.000199681
0.0165735
0.000199681
0.00878594
0.00159744
0.000199681
0.00219649
0.000199681
0.000199681
0.00139776
0.000599042
0.000399361
0.000599042
0.000599042
0.000399361
0.000599042
0.000199681
0.00139776
0.000199681
0.266773
0.000199681
0.244209
0.000199681
0.00698882
0.354433
0.226238
0.226438
0.0101837
0.00758786
0.0101837
0.000998403
0.00539137
0.000199681
0.000199681
0.000199681
0.000199681
0.000199681
0.00219649
0.0101837
0.000798722
0.000199681
0.4998
0.000599042
0.000998403
0.000399361
0.186901
0.000199681
0.000199681
0.000199681
0.00159744
0.000199681
0.00439297
0.000399361
0.00119808
0.0109824
0.000199681
0.000199681
0.000199681
0.000399361
0.00758786
0.000798722
0.000399361
0.000199681
0.00199681
0.00239617
0.000798722
0.00499201
0.000199681
0.0113818
0.00299521
0.00199681
0.000199681
0.000199681
0.000199681
0.000798722
0.000199681
0.000199681
0.000199681
0.0766773
0.000199681
0.000599042
0.000199681
0.000199681
0.000998403
0.000199681
0.000399361
0.000199681
0.00778754
0.000199681
0.000399361
0.000199681
0.000199681
0.0305511
0.000199681
0.000199681
0.0435304
0.000199681
0.0435304
0.000199681
0.0435304
0.000199681
0.000399361
0.000399361
0.000599042
0.000599042
0.000199681
0.000199681
0.000599042
0.000199681
0.000599042
0.00119808
0.000199681
0.000199681
0.000399361
0.000199681
0.000199681
0.000399361
0.000199681
0.0477236
0.476238
0.000199681
0.000199681
0.000399361
0.0808706
0.000199681
0.000998403
0.000798722
0.00159744
0.000399361
0.000199681
0.0101837
0.00379393
0.0273562
0.00359425
0.000399361
0.0902556
0.0904553
0.000399361
0.000199681
0.000998403
0.000399361
0.00299521
0.000199681
0.086861
0.000199681
0.000199681
0.00339457
0.000599042
0.000199681
0.00519169
0.00159744
0.000199681
0.00159744
0.000199681
0.000998403
0.000199681
0.00339457
0.000399361
0.000599042
0.000199681
0.063099
0.00499201
0.00339457
0.000199681
0.000199681
0.000998403
0.000199681
0.00139776
0.000399361
0.000399361
0.000399361
0.00279553
0.000199681
0.0171725
0.000199681
0.000199681
0.000199681
0.000199681
0.000199681
0.000199681
0.000399361
0.000199681
0.000199681
0.000399361
0.000998403
0.000199681
0.000199681
0.00698882
0.000798722
0.000199681
0.448083
0.00119808
0.489417
0.123802
0.000399361
0.000199681
0.00159744
0.000199681
0.00299521
0.000199681
0.000199681
0.000798722
0.000199681
0.000599042
0.000599042
0.000199681
0.000199681
0.0407348
0.00738818
0.0405351
0.00159744
0.00698882
0.00698882
0.0892572
0.00738818
0.000199681
0.000199681
0.000199681
0.000199681
0.000399361
0.000399361
0.00119808
0.000399361
0.000199681
0.000399361
0.000399361
0.000199681
0.00938498
0.000199681
0.000199681
0.0407348
0.00119808
0.000199681
0.000199681
0.000199681
0.000199681
0.176118
0.000199681
0.000399361
0.000798722
0.000199681
0.000199681
0.000199681
0.000199681
0.000199681
0.0740815
0.000199681
0.000399361
0.000199681
0.000199681
0.319888
0.000199681
0.000399361
0.000199681
0.000199681
0.0273562
0.000199681
0.000199681
0.000599042
0.000199681
0.000199681
0.000998403
0.0411342
0.000199681
0.130391
0.000199681
0.000199681
0.0197684
0.000399361
0.000399361
0.000199681
0.000399361
0.000998403
0.0383387
0.474241
0.000199681
0.000199681
0.00359425
0.00299521
0.000998403
0.000199681
0.000199681
0.00119808
0.000399361
0.0115815
0.00139776
0.0145767
0.000199681
0.213259
0.014377
0.00339457
0.000798722
0.000399361
0.000199681
0.00339457
0.000199681
0.00159744
0.000199681
0.000199681
0.000599042
0.000199681
0.000998403
0.000199681
0.000199681
0.00399361
0.000199681
0.000199681
0.000199681
0.000199681
0.00159744
0.000798722
0.000199681
0.000199681
0.000199681
0.000399361
0.000199681
0.000199681
0.000199681
0.000798722
0.000199681
0.000199681
0.00119808
0.000998403
0.000199681
0.0103834
0.000399361
0.000199681
0.116613
0.000199681
0.000199681
0.00698882
0.000199681
0.000798722
0.133986
0.00499201
0.000199681
0.000399361
0.000399361
0.000199681
0.00219649
0.000199681
0.000399361
0.057508
0.000798722
0.000199681
0.000199681
0.00219649
0.000199681
0.00319489
0.000798722
0.000199681
0.0101837
0.000199681
0.0081869
0.000798722
0.00159744
0.000599042
0.000798722
0.00638978
0.0215655
0.00139776
0.000399361
0.000199681
0.000199681
0.000998403
0.000399361
0.000399361
0.000599042
0.000199681
0.00159744
0.000798722
0.00119808
0.000199681
0.000199681
0.000798722
0.000199681
0.000798722
0.000599042
0.000199681
0.000199681
0.000199681
0.000399361
0.00219649
0.000199681
0.158746
0.00239617
0.00159744
0.000199681
0.158746
0.000599042
0.00259585
0.000199681
0.000199681
0.00199681
0.484026
0.000199681
0.000599042
0.000199681
0.000599042
0.00579073
0.00359425
0.000399361
0.00239617
0.000199681
0.000199681
0.000599042
0.000199681
0.000199681
0.000199681
0.000199681
0.00299521
0.000199681
0.000199681
0.00738818
0.000399361
0.000199681
0.000798722
0.000199681
0.000798722
0.428714
0.000199681
0.00898562
0.000199681
0.000998403
0.000199681
0.000199681
0.000199681
0.000199681
0.000199681
0.00279553
0.000199681
0
0.000998403
0.000599042
0.000199681
0.000199681
0.0131789
0.000399361
0.0161741
0.000199681
0.000199681
0.000399361
0.000199681
0.00978435
0.00259585
0.000399361
0.000199681
0.000199681
0.0173722
0.00199681
0.000199681
0.107827
0.000998403
0.00998403
0.00279553
0.000399361
0.000199681
0.000199681
0.000199681
0.0295527
0.00319489
0.000199681
0.000798722
0.000199681
0.000199681
0.0071885
0.00339457
0.000599042
0.000199681
0.000199681
0.000599042
0.00119808
0.0928514
0.327276
0.00259585
0.000199681
0.00159744
0.000199681
0.000798722
0.000199681
0.000199681
0.000199681
0.000199681
0.000199681
0.000199681
0.000199681
0.00419329
0.0147764
0.000798722
0.00658946
0.00119808
0.000199681
0.000399361
0.00379393
0.0225639
0.000399361
0.00279553
0.0125799
0.000798722
0.00119808
0.0183706
0.000199681
0.000199681
0.00179712
0.000199681
0.135583
0.00938498
0.000599042
0.00519169
0.000199681
0.000199681
0.000199681
0.000399361
0.00119808
0.190695
0.222444
0.00159744
0.000399361
0.00658946
0.000199681
0.000199681
0.00119808
0.0255591
0.000199681
0.000199681
0.000199681
0.000199681
0.000199681
0.000998403
0.0119808
0.000199681
0.000199681
0.0105831
0.00139776
0.00239617
0.00838658
0.0139776
0.00119808
0.000399361
0.000199681
0.000199681
0.000199681
0.000199681
0.000199681
0.000199681
0.18111
0.0125799
0.000199681
0.000199681
0.00299521
0.000399361
0.000798722
0.00838658
0.000199681
0.0129792
0.000199681
0.000199681
0.000998403
0.00179712
0.00239617
0.08127
0.000199681
0.000199681
0.000199681
0.164936
0.000399361
0.000998403
0.000998403
0.000199681
0.000798722
0.000199681
0.00159744
0.000199681
0.000199681
0.000599042
0.000798722
0.000199681
0.000199681
0.00159744
0.000798722
0.000199681
0.000599042
0.000199681
0.000199681
0.000199681
0.000399361
0.000998403
0.000199681
0.000199681
0.000599042
0.000199681
0.000399361
0.000399361
0.023762
0.000199681
0.000199681
0.000199681
0.000399361
0.0399361
0.00159744
0.000199681
0.0109824
0.00179712
0.000199681
0.00439297
0.000599042
0.000399361
0.000199681
0.00179712
0.00199681
0.000399361
0.000399361
0.000199681
0.000399361
0.000199681
0.000199681
0.000199681
0.000199681
0.000199681
0.000199681
0.00898562
0.161941
0.000199681
0.000199681
0.000798722
0.000199681
0.000199681
0.180711
0.000199681
0.000599042
0.000798722
0.000199681
0.00219649
0.0844649
0.000399361
0.000599042
0.000199681
0
0.00798722
0.000199681
0.000199681
0.0666933
0.0856629
0.0854633
0.000199681
0.00159744
0.000199681
0.167732
0.000199681
0.000199681
0.163738
0.00419329
0.000399361
0.217652
0.000798722
0.000199681
0.000199681
0.00359425
0.000199681
0.000399361
0.000199681
0.000199681
0.000998403
0.000199681
0.0834665
0.00359425
0.000199681
0.00678914
0.00119808
0.00778754
0.000199681
0.000798722
0.000199681
0.000599042
0.000399361
0.000199681
0.000199681
0.00599042
0.000199681
0.00339457
0.000199681
0.000199681
0.0129792
0.00579073
0.000599042
0.000199681
0.000199681
0.00658946
0.000399361
0.000199681
0.000399361
0.000399361
0.274161
0.000399361
0.0806709
0.00319489
0.000399361
0.000399361
0.00119808
0.000199681
0.000199681
0.000199681
0.00139776
0.000199681
0.345647
0.000199681
0.000998403
0.00798722
0.000199681
0.000199681
0.000399361
0.000199681
0.000399361
0.000399361
0.113419
0.000798722
0.000199681
0.00499201
0.000399361
0.00479233
0.000199681
0.000199681
0.000798722
0.000199681
0.000199681
0.142173
0.243411
0.00159744
0.000199681
0.0858626
0.000399361
0.000199681
0.108826
0.000199681
0.000199681
0.000199681
0.000199681
0.000199681
0.107628
0.000798722
0.00139776
0.000199681
0.00139776
0.000199681
0.000399361
0.0121805
0.000599042
0.000199681
0.000599042
0.000599042
0.000199681
0.000399361
0.00259585
0.000399361
0.00259585
0.314497
0.000798722
0.00698882
0.000199681
0.000199681
0.000998403
0.000599042
0.000998403
0.000399361
0.000199681
0.000998403
0.000199681
0.000599042
0.0127796
0.00259585
0.00259585
0.0247604
0.000199681
0.266573
0.000199681
0.000199681
0.000998403
0.000199681
0.0239617
0.00119808
0.000199681
0.0415335
0.000399361
0.00998403
0.000399361
0.00139776
0.000399361
0.000199681
0.000399361
0.00778754
0.000798722
0.000199681
0.000199681
0.00159744
0.0061901
0.000199681
0.18131
0.166134
0.000199681
0.000199681
0.000199681
0.00179712
0.000199681
0.000399361
0.000798722
0.000199681
0.000199681
0.000599042
0.000199681
0.00259585
0.000798722
0.000399361
0.000998403
0.000199681
0.000998403
0.000199681
0.484625
0.000199681
0.000199681
0.000199681
0.000199681
0.000399361
0.000199681
0.000199681
0.0111821
0.00299521
0.000199681
0.000199681
0.000199681
0.013778
0.126398
0.484425
0.0157748
0.000798722
0.000199681
0.000998403
0.000199681
0.00319489
0.000199681
0.000199681
0.000199681
0.000199681
0.000199681
0.000798722
0.00299521
0.000199681
0.000199681
0.169129
0.0117812
0.000199681
0.000199681
0.000199681
0.00239617
0.000199681
0.000199681
0.000199681
0.000998403
0.000199681
0.362021
0.000199681
0.000199681
0.000998403
0.000199681
0.00838658
0.000199681
0.000399361
0.000199681
0.000199681
0.103435
0.000399361
0.000199681
0.000399361
0.000199681
0.000599042
0.000199681
0.000399361
0.000399361
0.000199681
0.0061901
0.000399361
0.000199681
0.0527157
0.00379393
0.000199681
0.000399361
0.000199681
0.000399361
0.00119808
0.0469249
0.000199681
0.0163738
0.000199681
0.00239617
0.000199681
0.000998403
0.000199681
0.233427
0.00938498
0.00938498
0.000199681
0.000199681
0.00599042
0.000199681
0.000199681
0.014976
0.0942492
0.000199681
0.000199681
0.000599042
0.000599042
0.000199681
0.00239617
0.000199681
0.000199681
0.0115815
0.000199681
0.383786
0.000199681
0.000399361
0.000199681
0.000199681
0.000199681
0.000199681
0.000399361
0.232029
0.0217652
0.000798722
0.000199681
0.000199681
0.000199681
0.000798722
0.000199681
0.000199681
0.000199681
0.00698882
0.00898562
0.000199681
0.0465256
0.000199681
0.00199681
0.000199681
0.0291534
0.000199681
0.000399361
0.000199681
0.0171725
0.000599042
0.000199681
0.000199681
0.000998403
0.000199681
0.000199681
0.000199681
0.000199681
0.000399361
0.000199681
0.000199681
0.000199681
0.000399361
0.000199681
0.00259585
0.000399361
0.00119808
0.000199681
0.000199681
0.000199681
0.000199681
0.000199681
0.000199681
0.000199681
0.000199681
0.0638978
0.000199681
0.00179712
0.000998403
0.00119808
0.000199681
0.000199681
0.0750799
0.000199681
0.252596
0.252596
0.0644968
0.0694888
0.00219649
0.0750799
0.000599042
0.00159744
0.0103834
0.141773
0.000399361
0.000399361
0.000199681
0.000199681
0.00319489
0.000199681
0
0.000199681
0.000199681
0.000399361
0.000199681
0.000199681
0.000199681
0.000599042
0.000199681
0.000199681
0.000199681
0.000399361
0.000798722
0.00339457
0.000998403
0.000998403
0.000199681
0.000199681
0.000399361
0.000199681
0.000199681
0.000599042
0.000199681
0.000199681
0.000199681
0.00379393
0.00159744
0.000199681
0.000199681
0.00119808
0.000199681
0.000199681
0.000199681
0.000199681
0.000199681
0.000199681
0.000199681
0.109824
0.000399361
0.000798722
0.000199681
0.000199681
0.00279553
0.000599042
0.000599042
0.000199681
0.000399361
0.00179712
0.000399361
0.000199681
0.000199681
0.000199681
0.00159744
0.000199681
0.00159744
0.00279553
0.000199681
0.000399361
0.000199681
0.000199681
0.000199681
0.000199681
0.000199681
0.00219649
0.00539137
0.000199681
0.000199681
0.000199681
0.0563099
0.00599042
0.000199681
0.00339457
0.000199681
0.000199681
0.0597045
0.000199681
0.000199681
0.498003
0.498203
0.00279553
0.000199681
0.0271565
0.438898
0.000199681
0.000199681
0.000199681
0.000199681
0.000599042
0.000399361
0.133387
0.146366
0.00119808
0.000199681
0.000798722
0.0305511
0.373403
0.000399361
0.00399361
0.000599042
0.000399361
0.125599
0.0836661
0.000199681
0.000199681
0.000399361
0.000399361
0.00938498
0.000798722
0.000199681
0.000199681
0.000199681
0.00119808
0.000199681
0.00738818
0.000399361
0.000199681
0.000599042
0.000399361
0.000998403
0.00599042
0.000199681
0.000199681
0.0409345
0.000199681
0.0081869
0.000199681
0.00159744
0.000199681
0.000399361
0.000199681
0.000199681
0.0323482
0.00299521
0.179513
0.00539137
0.000599042
0.000199681
0.000199681
0.000199681
0.000199681
0.000998403
0.000199681
0.000199681
0.000199681
0.00139776
0.000798722
0.00219649
0.0183706
0.000199681
0.110823
0.000199681
0.00519169
0.00938498
0.000199681
0.00199681
0.000199681
0.000199681
0.000199681
0.00339457
0.000399361
0.00299521
0.00519169
0.000399361
0.000199681
0.0135783
0.000399361
0.00179712
0.0886581
0.000399361
0.000599042
0.000399361
0.000199681
0.000399361
0.00239617
0.0153754
0.000599042
0.000199681
0.000199681
0.000199681
0.00159744
0.000199681
0.000199681
0.000199681
0.000399361
0.00159744
0.000399361
0.000199681
0.000399361
0.000798722
0.00159744
0.000199681
0.000399361
0.000199681
0.000199681
0.0115815
0.0209665
0.000199681
0.000599042
0.000199681
0.398762
0.000399361
0.000199681
0.000199681
0.00459265
0.00599042
0.000199681
0.000599042
0.019369
0.000599042
0.364816
0.000199681
0.000599042
0.00199681
0.000399361
0.000199681
0.000998403
0.000399361
0.000199681
0.00419329
0.000199681
0.000199681
0.000599042
0.000199681
0.000199681
0.000199681
0.000199681
0.00279553
0.000399361
0.000199681
0.00798722
0.324481
0.00359425
0.00279553
0.000199681
0.000599042
0.15595
0.000199681
0.000199681
0.000199681
0.000199681
0.000199681
0.000199681
0.000199681
0.000399361
0.334265
0.000199681
0.00658946
0.00159744
0.000199681
0.000199681
0.00579073
0.000199681
0.000199681
0.00399361
0.000199681
0.000998403
0.000199681
0.00139776
0.0111821
0.00179712
0.0203674
0.00738818
0.000399361
0.000199681
0.000199681
0.000399361
0.000199681
0.00159744
0.000199681
0.000199681
0.000199681
0.000399361
0.000199681
0.0129792
0.000399361
0.288938
0.185104
0.00938498
0.000599042
0.000199681
0.0163738
0.00139776
0.000199681
0.000199681
0.000199681
0.168131
0.000199681
0.000199681
0.000199681
0.176318
0.000798722
0.000399361
0.00698882
0.00958466
0.000199681
0.00239617
0.000199681
0.000199681
0.000199681
0.183706
0.000199681
0.121805
0.000798722
0.000199681
0.00599042
0.401358
0.000399361
0.0183706
0.0183706
0.224641
0.0105831
0.000199681
0.000199681
0.0105831
0.000399361
0.0800719
0.000199681
0.052516
0.00439297
0.000199681
0.366613
0.000199681
0.000199681
0.000199681
0.000599042
0.000199681
0.000599042
0.000199681
0.00139776
0.000199681
0.000399361
0.000199681
0.00179712
0.00778754
0.000399361
0.000199681
0.000399361
0.000199681
0.000199681
0.00139776
0.000798722
0.000199681
0.000599042
0.000199681
0.000199681
0.00539137
0.00339457
0.000399361
0.000199681
0.00239617
0.000199681
0.000199681
0.0129792
0.000399361
0.0870607
0.000599042
0.213858
0.00199681
0.000399361
0.000199681
0.000798722
0.000599042
0.000199681
0.00419329
0.000199681
0.000199681
0.000199681
0.0245607
0.000199681
0.00359425
0.000199681
0.0145767
0.000599042
0.00798722
0.0425319
0.0417332
0.00439297
0.000199681
0.000199681
0.0131789
0.0131789
0.000199681
0.438698
0.0169728
0.000399361
0.000399361
0.00219649
0.00279553
0.00259585
0.000199681
0.00898562
0.00259585
0.00259585
0.000199681
0.00119808
0.000199681
0.000199681
0.000199681
0.00139776
0.000199681
0.000199681
0.00319489
0.000199681
0.00459265
0.000399361
0.00139776
0.289537
0.000199681
0.000199681
0.000199681
0.000199681
0.000798722
0.000798722
0.000199681
0.000199681
0.00279553
0.000199681
0.00399361
0.00738818
0.000199681
0.000399361
0.00459265
0.0147764
0.000399361
0.0217652
0.000199681
0.00179712
0.000599042
0.000199681
0.00439297
0.000199681
0.000199681
0.00439297
0.000599042
0.000199681
0.000199681
0.000199681
0.000798722
0.00599042
0.000199681
0.000798722
0.0199681
0.000199681
0.000399361
0.0103834
0.000998403
0.000199681
0.000199681
0.000599042
0.151757
0.000399361
0.163139
0.151757
0.000199681
0.000399361
0.000199681
0.162939
0.00998403
0.415136
0.000199681
0.000199681
0.000599042
0.00978435
0.000199681
0.000199681
0.000199681
0.00978435
0.000599042
0.000199681
0.000199681
0.000199681
0.000199681
0.000199681
0.0195687
0.207668
0.000599042
0.000399361
0.000199681
0.489018
0.000199681
0.000199681
0.00119808
0.0289537
0.000199681
0.294529
0.000199681
0.0309505
0.0311502
0.00199681
0.000199681
0.301917
0.000199681
0.000199681
0.000399361
0.000399361
0.000599042
0.000199681
0.0179712
0.000199681
0.000399361
0.297724
0.000199681
0.000798722
0.00179712
0.00139776
0.000199681
0.000199681
0.000599042
0.000199681
0.000399361
0.000199681
0.0984425
0.000199681
0.000199681
0.000199681
0.000399361
0.024361
0.00239617
0.000199681
0.000199681
0.00119808
0.00279553
0.000998403
0.280351
0.000798722
0.00139776
0.000199681
0.000399361
0.00219649
0.000199681
0.492212
0.000599042
0.000199681
0.000199681
0.00599042
0.00159744
0.00479233
0.0159744
0.000599042
0.000199681
0.00878594
0.000199681
0.00878594
0.000199681
0.0249601
0.000199681
0.000399361
0.000798722
0.000399361
0.000798722
0.000399361
0.000199681
0.000199681
0.000199681
0.000199681
0.0461262
0.464457
0.000399361
0.000199681
0.000199681
0.000199681
0.000199681
0.00359425
0.000399361
0.000199681
0.00758786
0.000199681
0.000399361
0.000199681
0.000199681
0.0107827
0.0151757
0.000998403
0.0151757
0.000199681
0.000399361
0.000798722
0.00179712
0.000199681
0.00459265
0.000199681
0.000199681
0.0181709
0.000199681
0.000199681
0.00339457
0.000199681
0.000199681
0.000399361
0.000199681
0.000199681
0.00259585
0.000199681
0.000199681
0.00119808
0.00179712
0.000199681
0.0261581
0.000199681
0.0261581
0.000399361
0.000399361
0.000199681
0.000399361
0.000199681
0.000199681
0.00459265
0.00359425
0.000599042
0.00239617
0.000399361
0.0205671
0.000199681
0.0928514
0.000199681
0.000199681
0.000599042
0.0123802
0.000199681
0.000399361
0.000199681
0.000199681
0.000399361
0.000199681
0.00119808
0.000199681
0.000199681
0.000399361
0.0111821
0.000399361
0.00459265
0.16234
0.000199681
0.00359425
0.000199681
0.000599042
0.000399361
0.000199681
0.0309505
0.000199681
0.00159744
0.000199681
0.00599042
0.000199681
0.00179712
0.000798722
0.00339457
0.00139776
0.00259585
0.000399361
0.00638978
0.00239617
0.000199681
0.000199681
0.000199681
0.000199681
0.000199681
0.000798722
0.000798722
0.000199681
0.000399361
0.00159744
0.000399361
0.000199681
0.00279553
0.000998403
0.000199681
0.00159744
0.000399361
0.000199681
0.000199681
0.000199681
0.000199681
0.000199681
0.000998403
0.000199681
0.000998403
0.000399361
0.0127796
0.00119808
0.000399361
0.000199681
0.000199681
0.000599042
0.000199681
0.000199681
0.000199681
0.000199681
0.0742812
0.00239617
0.000199681
0.000399361
0.000199681
0.000199681
0.000199681
0.000199681
0.000199681
0.000199681
0.00279553
0.000199681
0.000199681
0.00239617
0.0117812
0.000998403
0.000199681
0.00379393
0.257188
0.000399361
0.0367412
0.000199681
0.000199681
0.000199681
0.00279553
0.00419329
0.000199681
0.0754792
0.000399361
0.000199681
0.000798722
0.208267
0.000399361
0.000199681
0.000199681
0.000199681
0.492812
0.0061901
0.0139776
0.00499201
0.000399361
0.000199681
0.194289
0.000199681
0.000199681
0.000399361
0.000798722
0.000199681
0.000199681
0.000399361
0.000399361
0.000599042
0.00319489
0.000399361
0.000199681
0.000798722
0.000199681
0.00858626
0.000599042
0.000599042
0.00299521
0.00239617
0.00339457
0.000199681
0.000399361
0.000199681
0.000599042
0.0121805
0.00119808
0.0341454
0.000199681
0.00459265
0.000399361
0.000199681
0.000599042
0.0652955
0.000798722
0.00379393
0.000199681
0.00139776
0.000199681
0.000199681
0.000998403
0.000199681
0.000199681
0.000199681
0.302316
0.000199681
0.000199681
0.000199681
0.000998403
0.000199681
0.000199681
0.000399361
0.000199681
0.00379393
0.000798722
0.000399361
0.00559105
0.000199681
0.000998403
0.0147764
0.000199681
0.000199681
0.000199681
0.0159744
0.000199681
0.000199681
0.0147764
0.000199681
0.000199681
0.00339457
0.000199681
0.000199681
0.000199681
0.000199681
0.000199681
0.000199681
0.000199681
0.00239617
0.0247604
0.000199681
0.000199681
0.00658946
0.414936
0.000199681
0.00159744
0.000199681
0.000199681
0.000199681
0.000199681
0.000399361
0.00259585
0.000599042
0.000399361
0.000599042
0.0091853
0.000199681
0.000399361
0.000399361
0.000199681
0.000199681
0.000199681
0.000399361
0.000798722
0.00359425
0.000399361
0.00119808
0.000399361
0.000199681
0.000199681
0.000199681
0.000199681
0.000199681
0.000199681
0.000199681
0.136581
0.000998403
0.00159744
0.000199681
0.00519169
0.00159744
0.000199681
0.000199681
0.000599042
0.000199681
0.0910543
0.00159744
0.000599042
0.000199681
0.000599042
0.000199681
0.000798722
0.000199681
0.000199681
0.000199681
0.0363419
0.0109824
0.000199681
0.000199681
0.00159744
0.00698882
0.000199681
0.000798722
0.000199681
0.000199681
0.000998403
0.16254
0.00179712
0.000798722
0.000199681
0.000798722
0.000199681
0.0141773
0.000199681
0.000199681
0.000599042
0.000199681
0.00399361
0.000399361
0.000599042
0.00159744
0.000199681
0.000399361
0.000199681
0.0245607
0.00119808
0.000199681
0.000199681
0.000199681
0.000599042
0.00119808
0.000399361
0.000599042
0.0569089
0.00179712
0.00219649
0.000199681
0.000199681
0.000199681
0.000199681
0.266174
0.00179712
0.00239617
0.000199681
0.000199681
0.119609
0.000199681
0.000199681
0.000399361
0.000399361
0.000199681
0.000199681
0.000399361
0.000399361
0.224641
0
0.000199681
0.000199681
0.000199681
0.000399361
0.000199681
0.000199681
0.00579073
0.000798722
0.0589058
0.000399361
0.000399361
0.000399361
0.000998403
0.000199681
0.000199681
0.000199681
0.000599042
0.128794
0.000199681
0.000399361
0.000199681
0.00838658
0.000199681
0.000199681
0.000599042
0.00958466
0.000199681
0.000199681
0.000199681
0.000199681
0.00119808
0.00119808
0.000199681
0.000798722
0.000399361
0.00599042
0.000399361
0.00738818
0.00199681
0.000199681
0.000199681
0.0103834
0.263978
0.000199681
0.0211661
0.000798722
0.00299521
0.00778754
0.000199681
0.00998403
0.00439297
0.000199681
0.000798722
0.000199681
0.0547125
0.000399361
0.000199681
0.000199681
0.0621006
0.000599042
0.000199681
0.000199681
0.00219649
0.00119808
0.000199681
0.000199681
0.000199681
0.000199681
0.000199681
0.10643
0.00299521
0.00259585
0.000199681
0.000199681
0.000599042
0.000199681
0.000199681
0.000199681
0.000199681
0.26238
0.000199681
0.000199681
0.0970447
0.000199681
0.000199681
0.000599042
0.000399361
0.000399361
0.000199681
0.000199681
0.00279553
0.000199681
0.000199681
0.00119808
0.000199681
0.000199681
0.000199681
0.00179712
0.000199681
0.000199681
0.000199681
0.00259585
0.00758786
0.000199681
0.00758786
0.000199681
0.000199681
0.000399361
0.000399361
0.000399361
0.000199681
0.00479233
0.00259585
0.000599042
0.000399361
0.000199681
0.000199681
0.00678914
0.000199681
0.000399361
0.000199681
0.000998403
0.000199681
0.240415
0.000199681
0.000199681
0.000998403
0.240415
0.000199681
0.00139776
0.000199681
0.000199681
0.000399361
0.000199681
0.000199681
0.000399361
0.0303514
0.000599042
0.000199681
0.000199681
0.000199681
0.00439297
0.000199681
0.000199681
0.000199681
0.000199681
0.000199681
0.000199681
0.000599042
0.000599042
0.000199681
0.0135783
0.000998403
0.0626997
0.0235623
0.00139776
0.0786741
0.000199681
0.000199681
0.000199681
0.000199681
0.000399361
0.00299521
0.000199681
0.000199681
0.000599042
0.00459265
0.00259585
0.0115815
0.000199681
0.000199681
0.000199681
0.0221645
0.000199681
0.000399361
0.000199681
0.00219649
0.000199681
0.000399361
0.000399361
0.000199681
0.350839
0.000199681
0.000599042
0.0283546
0.0173722
0.000599042
0.278754
0.000199681
0.000199681
0.0191693
0.000199681
0.00279553
0.0373403
0.000199681
0.000199681
0.000199681
0.000199681
0.000199681
0.000399361
0.00119808
0.000199681
0.000399361
0.00159744
0.000399361
0.000199681
0.000399361
0.000199681
0.000199681
0.0127796
0.000599042
0.000199681
0.127396
0.000399361
0.00539137
0.398762
0.000399361
0.000199681
0.000199681
0.00239617
0.000199681
0.000399361
0.000199681
0.00399361
0.00758786
0.000199681
0.000399361
0.000199681
0.00179712
0.0279553
0.000199681
0.00259585
0.307907
0.0375399
0.0199681
0.236022
0.000199681
0.000399361
0.000199681
0.00199681
0.000199681
0.000399361
0.000199681
0.174121
0.000199681
0.00499201
0.000399361
0.000399361
0.000399361
0.00159744
0.00199681
0.254792
0.000199681
0.000199681
0.00339457
0.0836661
0.000199681
0.00179712
0.000199681
0.000199681
0.200479
0.00179712
0.000399361
0.270966
0.203674
0.000199681
0.00279553
0.000199681
0.000199681
0.0295527
0.000199681
0.000199681
0.000199681
0.000199681
0.00139776
0.00279553
0.000798722
0.00179712
0.000399361
0.00479233
0.076278
0.000199681
0.00139776
0.000199681
0.0291534
0.000199681
0.00139776
0.000199681
0.46226
0.000199681
0.00139776
0.00199681
0.0603035
0.000599042
0.0129792
0.000199681
0.0579073
0.00279553
0.00239617
0.000199681
0.380791
0.000199681
0.000199681
0.0203674
0.000199681
0.000599042
0.000599042
0.128994
0.00119808
0.00139776
0.00579073
0.00239617
0.000199681
0.0197684
0.000199681
0.000399361
0.00678914
0.000399361
0.000199681
0.000199681
0.00499201
0.000199681
0.000998403
0.000199681
0.000399361
0.355232
0.000399361
0.00139776
0.000599042
0.000599042
0.000199681
0.000399361
0.000199681
0.000399361
0.000199681
0.000199681
0.00379393
0.00459265
0.00119808
0.0109824
0.00179712
0.000199681
0.000199681
0.000599042
0.000199681
0.000199681
0.0101837
0.000199681
0.000199681
0.000199681
0.000199681
0.268371
0.00119808
0.00119808
0.000599042
0.00179712
0.000199681
0.000399361
0.000399361
0.000199681
0.000998403
0.000399361
0.000798722
0.00179712
0.0091853
0.00299521
0.000399361
0.000199681
0.000199681
0.000998403
0.000199681
0.000599042
0.000199681
0.16254
0.00199681
0.000399361
0.000798722
0.000199681
0.00119808
0.00599042
0.000599042
0.000199681
0.000199681
0.164337
0.00159744
0.497804
0.00239617
0.00139776
0.00419329
0.000199681
0.000998403
0.000199681
0.000599042
0.000199681
0.0662939
0.000199681
0.000199681
0.000199681
0.00678914
0.000599042
0.000599042
0.000998403
0.000998403
0.000399361
0.000399361
0.260982
0.000199681
0.000199681
0.000199681
0.00299521
0.000199681
0.000199681
0.000199681
0.0159744
0.000399361
0.000399361
0.000199681
0.000798722
0.000199681
0.000399361
0.000199681
0.00119808
0.322284
0.000199681
0.000399361
0.000199681
0.00539137
0.000399361
0.000599042
0.00339457
0.000199681
0.0303514
0.0107827
0.00119808
0.00339457
0.000199681
0.000199681
0.000399361
0.000199681
0.0355431
0.000199681
0.000399361
0.000199681
0.00798722
0.00798722
0.000199681
0.000199681
0.000199681
0.000199681
0.000199681
0.000199681
0.000199681
0.000199681
0.000199681
0.100839
0.000599042
0.000199681
0.000199681
0.000199681
0.0223642
0.000199681
0.000199681
0.000599042
0.000199681
0.000399361
0.000199681
0.000199681
0.311701
0.000798722
0.00239617
0.000199681
0.000399361
0.000399361
0.000199681
0.000199681
0.00159744
0.000199681
0.000798722
0.345248
0.000199681
0.000399361
0.48123
0.000998403
0.000199681
0.000798722
0.000199681
0.000199681
0.000199681
0.000199681
0.000599042
0.000599042
0.000199681
0.000199681
0.00399361
0.000599042
0.000599042
0.000199681
0.00439297
0.000199681
0.000798722
0.000199681
0.00279553
0.000798722
0.000199681
0.000199681
0.000399361
0.000399361
0.000199681
0.0706869
0.000199681
0.000199681
0.000399361
0.000199681
0.000199681
0.000199681
0.000199681
0.000199681
0.000199681
0.115815
0.000199681
0.00399361
0.000599042
0.000199681
0.00479233
0.000199681
0.000798722
0.000199681
0.00139776
0.000199681
0.00119808
0.00119808
0.000199681
0.00159744
0.0071885
0.000399361
0.000399361
0.000998403
0.00878594
0.00199681
0.000599042
0.353435
0.000199681
0.000199681
0.000199681
0.000199681
0.00978435
0.000599042
0.076278
0.000399361
0.00858626
0.000199681
0.00199681
0.0123802
0.0163738
0.000199681
0.0159744
0.00159744
0.000399361
0.000599042
0.000399361
0.000199681
0.000199681
0.000998403
0.000199681
0.00419329
0.000199681
0.00259585
0.000199681
0.000199681
0.000199681
0.000199681
0.000199681
0.000399361
0.000199681
0.000199681
0.000199681
0.365815
0.0181709
0.000199681
0.000199681
0.00219649
0.000199681
0.000199681
0.000199681
0.000199681
0.000199681
0.113818
0.000199681
0.000199681
0.000199681
0.000199681
0.00978435
0.0617013
0.0848642
0.000199681
0.0509185
0.000798722
0.000199681
0.000199681
0.000199681
0.000199681
0.000998403
0.00259585
0.000599042
0.000199681
0.000199681
0.00439297
0.000998403
0.000199681
0.000399361
0.486222
0.000199681
0.000199681
0.000199681
0.000199681
0.00259585
0.000798722
0.000199681
0.000199681
0.0215655
0.190695
0.00159744
0.0155751
0.000798722
0.0413339
0.000399361
0.000199681
0.0119808
0.000199681
0.000199681
0.000199681
0.000599042
0.000199681
0.00678914
0.000199681
0.0646965
0.000199681
0.0646965
0.000399361
0.000399361
0.000199681
0.000199681
0.000199681
0.000199681
0.000399361
0.000199681
0.000399361
0.000199681
0.000599042
0.000399361
0.000199681
0.000199681
0.00439297
0.000199681
0.00179712
0.00798722
0.000199681
0.000199681
0.000199681
0.00798722
0.000599042
0.246605
0.0285543
0.00239617
0.000399361
0.00139776
0.000399361
0.000199681
0.000199681
0.000199681
0.00399361
0.134585
0.000199681
0.000399361
0.000199681
0.0139776
0.00339457
0.00379393
0.000199681
0.00419329
0.000199681
0.00658946
0.000199681
0.00319489
0.000199681
0.000199681
0.000199681
0.000199681
0.000998403
0.00139776
0.00159744
0.000199681
0.000199681
0.000199681
0.000199681
0.000599042
0.000399361
0.000199681
0.000199681
0.000199681
0.000998403
0.000399361
0.000199681
0.000199681
0.000399361
0.00599042
0.000199681
0.000998403
0.000399361
0.000199681
0.386182
0.386182
0.0327476
0.000599042
0.000199681
0.00239617
0.000998403
0.000798722
0.0207668
0.000199681
0.014377
0.000399361
0.00259585
0.145168
0.000199681
0.000199681
0.000199681
0.276158
0.265775
0.000399361
0.00838658
0.000399361
0.0179712
0.000199681
0.00599042
0.000199681
0.000599042
0.00359425
0.000599042
0.038139
0.000199681
0.00519169
0.00978435
0.000599042
0.000998403
0.000199681
0.000199681
0.000399361
0.000599042
0.0135783
0.000199681
0.000199681
0.000199681
0.000199681
0.454673
0.000199681
0.00199681
0.00638978
0.000998403
0.000199681
0.000199681
0.000798722
0.0141773
0.00299521
0.0197684
0.000199681
0.00658946
0.00159744
0.0251597
0.000399361
0.00259585
0.000199681
0.000199681
0.000798722
0.000199681
0.000199681
0.000199681
0.000199681
0.311302
0.000199681
0.00299521
0.000199681
0.000998403
0.000399361
0.00758786
0.000599042
0.000599042
0.000199681
0.000199681
0.000199681
0.000199681
0.000199681
0.000199681
0.00159744
0.000599042
0.000199681
0.000199681
0.000199681
0.000199681
0.000199681
0.000199681
0.000599042
0.0101837
0.000199681
0.000599042
0.000199681
0.000199681
0.000199681
0.000199681
0.000199681
0.00139776
0.0161741
0.000199681
0.00299521
0.00279553
0.00199681
0.00339457
0.000199681
0.0459265
0.000199681
0.00139776
0.00199681
0.000199681
0.000199681
0.000599042
0.000798722
0.000199681
0.000199681
0.0159744
0.000199681
0.000798722
0.0131789
0.00439297
0.000199681
0.000199681
0.000199681
0.0760783
0.00259585
0.000199681
0.000199681
0.000199681
0.000199681
0.000199681
0.000199681
0.000199681
0.000199681
0.000199681
0.000199681
0.000599042
0.237021
0.237021
0.000199681
0.000199681
0.000199681
0.000199681
0.000399361
0
0.00199681
0.00159744
0.00139776
0.000199681
0.000399361
0.000199681
0.000199681
0.00319489
0.000199681
0.000599042
0.00119808
0.00678914
0.000199681
0.000599042
0.000798722
0.000199681
0.132388
0.000798722
0.00399361
0.000199681
0.000798722
0.438099
0.000199681
0.047524
0.000199681
0.00678914
0.000199681
0.000199681
0.00239617
0.000199681
0.000399361
0.000199681
0.000399361
0.000199681
0.000599042
0.000199681
0.000798722
0.0271565
0.00319489
0.0271565
0.0271565
0.000599042
0.000199681
0.000199681
0.000399361
0.000199681
0.00139776
0.000399361
0.000199681
0.000199681
0.000199681
0.00459265
0.0115815
0.0183706
0.00399361
0.000399361
0.000599042
0.000998403
0.000199681
0.000199681
0.00299521
0.000599042
0.000199681
0.000199681
0.000599042
0.047524
0.00119808
0.000199681
0.000199681
0.00179712
0.000199681
0.000399361
0.000199681
0.000599042
0.000199681
0.000199681
0.000199681
0.000199681
0.000199681
0.000399361
0.000798722
0.000199681
0.000199681
0.000199681
0.000199681
0.00798722
0.00499201
0.000998403
0.00159744
0.000199681
0.0345447
0.000399361
0.000399361
0.000199681
0.000399361
0.000199681
0.288938
0.000199681
0.000998403
0.000399361
0.00838658
0.0591054
0.000199681
0.00279553
0.000399361
0.00159744
0.000199681
0.00179712
0.0607029
0.00778754
0.000798722
0.000199681
0.000199681
0.000599042
0.00199681
0.000199681
0.000199681
0.000199681
0.000399361
0.000199681
0.000199681
0.000199681
0.000798722
0.000199681
0.00179712
0.00419329
0.00379393
0.000399361
0.000199681
0.485423
0.000199681
0.000199681
0.000798722
0.163938
0.000199681
0.0145767
0.000199681
0.000199681
0.000399361
0.000199681
0.00519169
0.000399361
0.000199681
0.000399361
0.000798722
0.000798722
0.000798722
0.000599042
0.000199681
0.000399361
0.000199681
0.000199681
0.000798722
0.00499201
0.000399361
0.000399361
0.000599042
0.0203674
0.000199681
0.000199681
0.000199681
0.00658946
0.000798722
0.000998403
0.000199681
0.000199681
0.000199681
0.000199681
0.000199681
0.000399361
0.000599042
0.146166
0.000199681
0.00299521
0.000199681
0.000399361
0.00279553
0.014976
0.00599042
0.000199681
0.000199681
0.000199681
0.000199681
0.000199681
0.000199681
0.000199681
0.00159744
0.000199681
0.000998403
0.0860623
0.101238
0.000599042
0.0792732
0.000599042
0.000998403
0.000399361
0.101238
0.000399361
0.00279553
0.0207668
0.000199681
0.000199681
0.000599042
0.000399361
0.000798722
0.00299521
0.000199681
0.000199681
0.000199681
0.000199681
0.0103834
0.00419329
0.00579073
0.000199681
0.000199681
0.000199681
0.00499201
0.000199681
0.00998403
0.000599042
0.00139776
0.000199681
0.00638978
0.000199681
0.000199681
0.0555112
0.000199681
0.000199681
0.000199681
0.000199681
0.00379393
0.00179712
0.000199681
0.000199681
0.000199681
0.000199681
0.000199681
0.000199681
0.000199681
0.000399361
0.000199681
0.00259585
0.00119808
0.0810703
0.000798722
0.000199681
0.000199681
0.000199681
0.000199681
0.000199681
0.000199681
0.000199681
0.000199681
0.000199681
0.00319489
0.000399361
0.00139776
0.000199681
0.000199681
0.0091853
0.00119808
0.454673
0.000199681
0.047524
0.000798722
0.000199681
0.000399361
0.000399361
0.000599042
0.000399361
0.000998403
0.000199681
0.000399361
0.0229633
0.00279553
0.000199681
0.000599042
0.000199681
0.00199681
0.000199681
0.00239617
0.000199681
0.000199681
0.000199681
0.000199681
0.00299521
0.000199681
0.00459265
0.000199681
0.000199681
0.000199681
0.235024
0.000599042
0.000199681
0.000599042
0.000199681
0.000199681
0.000599042
0.000199681
0.00678914
0.000199681
0.000998403
0.000199681
0.000199681
0.000199681
0.000399361
0.000199681
0.000199681
0.000199681
0.000798722
0.000199681
0.0103834
0.000199681
0.00179712
0.00139776
0.000199681
0.000399361
0.00319489
0.000599042
0.000199681
0.000199681
0.401757
0.000199681
0.000798722
0.000399361
0.000599042
0.000599042
0.000199681
0.00239617
0.000199681
0.000199681
0.00279553
0.000798722
0.000399361
0.000199681
0.00119808
0.000798722
0.000199681
0.000199681
0.000798722
0.000199681
0.217053
0.000399361
0.00339457
0.000199681
0.000998403
0.000199681
0.000998403
0.000199681
0.000199681
0.000199681
0.000399361
0.00139776
0.000599042
0.000199681
0.028754
0.206869
0.000199681
0.00179712
0.000199681
0.000798722
0.000199681
0.000199681
0.000199681
0.000199681
0.000399361
0.000199681
0.000798722
0.000199681
0.000798722
0.000199681
0.000998403
0.000399361
0.000399361
0.000399361
0.000199681
0.000599042
0.000599042
0.000199681
0.000199681
0.341853
0.000998403
0.000199681
0.000199681
0.00519169
0.000199681
0.000599042
0.000399361
0.000199681
0.000199681
0.000199681
0.000399361
0.0167732
0.000399361
0.309305
0.000199681
0.000199681
0.000199681
0.00299521
0.00559105
0.00399361
0.000399361
0.00399361
0.000199681
0.000399361
0.00139776
0.000998403
0.000998403
0.000998403
0.000199681
0.000199681
0.000399361
0.000199681
0.000199681
0.0107827
0.000399361
0.000199681
0.000399361
0.000199681
0.000199681
0.000199681
0.000199681
0.000798722
0.000199681
0.000399361
0.000399361
0.0175719
0.000798722
0.000199681
0.000998403
0.0191693
0.000199681
0.000199681
0.000199681
0.000199681
0.000399361
0.000199681
0.00319489
0.000399361
0.220248
0.000199681
0.000199681
0.000399361
0.000399361
0.000199681
0.000199681
0.000199681
0.00379393
0.000199681
0.000399361
0.000199681
0.00339457
0.000199681
0.0145767
0.000199681
0.00259585
0.000998403
0.0153754
0.000599042
0.000199681
0.000199681
0.0776757
0.000399361
0.000199681
0.000399361
0.000199681
0.000399361
0.000199681
0.000798722
0.000199681
0.000199681
0.306909
0.000199681
0.000199681
0.000199681
0.000199681
0.000199681
0.000199681
0.000199681
0.000199681
0.000199681
0.000199681
0.000998403
0.265375
0.000599042
0.000199681
0.00399361
0.0141773
0.000199681
0.00958466
0.0285543
0.000199681
0.0111821
0.000399361
0.00439297
0.000399361
0.000199681
0.0141773
0.000199681
0.00259585
0.000199681
0.000199681
0.000399361
0.000199681
0.000399361
0.0241613
0.000199681
0.000399361
0.000199681
0.0111821
0.0111821
0.0111821
0.0702875
0.0702875
0.00159744
0.00159744
0.0615016
0.0702875
0
0.000199681
0.000599042
0.00119808
0.000199681
0.000199681
0.000399361
0.00159744
0.000199681
0.000199681
0.000199681
0.000199681
0.000199681
0.000199681
0.000199681
0.000199681
0.00199681
0.000199681
0.00339457
0.0103834
0.000199681
0.329473
0.000199681
0.000199681
0.000199681
0.000199681
0.000199681
0.000199681
0.0173722
0.00199681
0.000399361
0.000798722
0.00119808
0.00978435
0.0101837
0.000199681
0.0289537
0.00239617
0.000199681
0.000199681
0.013778
0.000998403
0.000399361
0.00119808
0.000199681
0.000199681
0.00678914
0.000199681
0.000599042
0.000199681
0.000199681
0.399161
0.00139776
0.000199681
0.138978
0.138978
0.138978
0.000199681
0.000399361
0.000199681
0.138978
0.000599042
0.00339457
0.000599042
0.000399361
0.00678914
0.000199681
0.00259585
0.0507188
0.000199681
0.000199681
0.00419329
0.000399361
0.00279553
0.000199681
0.214657
0.000199681
0.000599042
0.000199681
0.00119808
0.000199681
0.000199681
0.000199681
0.000798722
0.0283546
0.000199681
0.000199681
0.000199681
0.000399361
0.000199681
0.000399361
0.000199681
0.000599042
0.00119808
0.00119808
0.00199681
0.000199681
0.000199681
0.00399361
0.000399361
0.000798722
0.000798722
0.000399361
0.000199681
0.000199681
0.000199681
0.000199681
0.00239617
0.00139776
0.17512
0.000599042
0.000199681
0.000199681
0.000199681
0.000199681
0.000199681
0.000199681
0.00539137
0.000199681
0.000199681
0.0133786
0.000199681
0.38119
0.000199681
0.000599042
0.000199681
0.000599042
0.000199681
0.000399361
0.000199681
0.00139776
0.00139776
0.00139776
0.000199681
0.000599042
0.00239617
0.000199681
0.000199681
0.000199681
0.000199681
0.366613
0.00479233
0.00838658
0.000399361
0.000199681
0.000399361
0.00359425
0.000399361
0.000199681
0.000998403
0.000199681
0.000199681
0.000199681
0.000199681
0.019369
0.000399361
0.433906
0.000599042
0.00579073
0.000199681
0.000199681
0.00119808
0.000199681
0.000399361
0.0201677
0.00778754
0.000399361
0.00139776
0.000199681
0.000199681
0.00119808
0.000199681
0.000399361
0.000199681
0.000599042
0.000798722
0.000199681
0.0247604
0.000399361
0.000199681
0.000199681
0.000199681
0.000199681
0.000199681
0
0.000199681
0.000998403
0.000199681
0.170128
0.000199681
0.000399361
0.00399361
0.0115815
0.000199681
0.483826
0.000199681
0.000199681
0.000399361
0.000199681
0.000199681
0.000199681
0.000199681
0.00179712
0.000399361
0.0958466
0.01877
0.000199681
0.000599042
0.000199681
0.000199681
0.000199681
0.00419329
0.000199681
0.000399361
0.000199681
0.000399361
0.000399361
0.000998403
0.00199681
0.000199681
0.000199681
0.00399361
0.000399361
0.000199681
0.000199681
0.00239617
0.000199681
0.101438
0.00678914
0.000199681
0.00658946
0.000599042
0.000399361
0.000798722
0.000199681
0.000399361
0.000798722
0.292332
0.000199681
0.000599042
0.000399361
0.000199681
0.00898562
0.00179712
0.000199681
0.000199681
0.00379393
0.000199681
0.000199681
0.00239617
0.000998403
0.000199681
0.000599042
0.00259585
0.0277556
0.000399361
0.000399361
0.000599042
0.000199681
0.000998403
0.00139776
0.000199681
0.000599042
0.000199681
0.000199681
0.000199681
0.000199681
0.00159744
0.000798722
0.000199681
0.00119808
0.0433307
0.00119808
0.000199681
0.00199681
0.000399361
0.000199681
0.00499201
0.249002
0.000599042
0.00219649
0.00499201
0.0129792
0.0894569
0.0139776
0.000199681
0.0081869
0.0223642
0.013778
0.000199681
0.000199681
0.000399361
0.00339457
0.0131789
0.000399361
0.00139776
0.000199681
0.000199681
0.000199681
0.000199681
0.000599042
0.000199681
0.000599042
0.000399361
0.00119808
0.0848642
0.000399361
0.000599042
0.000599042
0.000399361
0.00119808
0.000199681
0.0221645
0.000199681
0.000199681
0.00239617
0.000199681
0.000199681
0.00678914
0.00259585
0.000199681
0.00399361
0.00199681
0.00159744
0.000199681
0.0127796
0.000199681
0.000399361
0.000998403
0.000199681
0.000199681
0.000199681
0.000599042
0.000199681
0.000199681
0.000199681
0.00978435
0.000199681
0.000599042
0.000199681
0.0305511
0.000199681
0.000199681
0.000199681
0.000998403
0.0081869
0.0161741
0.00339457
0.000798722
0.390176
0.00179712
0.000199681
0.000199681
0.000199681
0
0.000998403
0.000199681
0.000199681
0.246605
0.00678914
0.000199681
0.00119808
0.000199681
0.000199681
0.000599042
0.178514
0.00159744
0.0399361
0.000998403
0.000199681
0.000199681
0.000599042
0.00459265
0.000599042
0.000199681
0.000199681
0.000599042
0.000599042
0.00379393
0.000399361
0.000199681
0.000199681
0.000199681
0.000599042
0.000199681
0.00159744
0.00579073
0.000199681
0.0167732
0.000199681
0.000199681
0.00519169
0.00858626
0.00439297
0.000199681
0.000199681
0.000399361
0.000199681
0.000399361
0.000599042
0.000998403
0.000199681
0.000798722
0.000599042
0.000199681
0.000199681
0.000599042
0.000399361
0.000199681
0.0323482
0.00898562
0.0936502
0.000199681
0.0113818
0.000199681
0.000199681
0.000199681
0.000199681
0.00299521
0.000798722
0.00119808
0.000199681
0.000199681
0.000199681
0.000199681
0.000998403
0.000199681
0.000199681
0.000599042
0.000199681
0.000199681
0.00439297
0.0081869
0.00339457
0.000199681
0.000199681
0.00219649
0.000199681
0.000399361
0.0071885
0.000399361
0.000399361
0.000199681
0.00139776
0.000199681
0.000199681
0.000199681
0.000199681
0.000199681
0.000399361
0.000399361
0.000399361
0.130591
0.00139776
0.000199681
0.000399361
0.000199681
0.000599042
0.000599042
0.000399361
0.000199681
0.00199681
0.000199681
0.0123802
0.000798722
0.000199681
0.00279553
0.00259585
0.000998403
0.0489217
0.000998403
0.00179712
0.000599042
0.115415
0.00119808
0.000199681
0.000199681
0.000199681
0.000199681
0.000199681
0.000199681
0.000199681
0.000599042
0.000199681
0.000199681
0.000199681
0.0363419
0.000199681
0.000399361
0.000199681
0.000199681
0.000399361
0.000199681
0.000798722
0.000199681
0.000399361
0.000399361
0.00319489
0.00159744
0.0636981
0.00139776
0.00898562
0.000199681
0.000199681
0.000199681
0.00419329
0.403155
0.000199681
0.000599042
0.00159744
0.000599042
0.000199681
0.000798722
0.000199681
0.000199681
0.00419329
0.000199681
0.000199681
0.000599042
0.000199681
0.00219649
0.000399361
0.204872
0.000399361
0.000199681
0.00559105
0.000199681
0.000399361
0.00119808
0.00199681
0.000798722
0.000798722
0.000199681
0.000998403
0.000199681
0.000998403
0.30631
0.000599042
0.000199681
0.000399361
0.00379393
0.000199681
0.0167732
0.0936502
0.000199681
0.000399361
0.0936502
0.000399361
0.0936502
0.0061901
0.000399361
0.00139776
0.0207668
0.000399361
0.000199681
0.000399361
0.000199681
0.000199681
0.0101837
0.000599042
0.000199681
0.000399361
0.00199681
0.00139776
0.000199681
0.00139776
0.00858626
0.000399361
0.495607
0.34984
0.000399361
0.000798722
0.000199681
0.000199681
0.000399361
0.000399361
0.000199681
0.000199681
0.000199681
0.00459265
0.000199681
0.000199681
0.000199681
0.00259585
0.000199681
0.00119808
0.000399361
0.000199681
0.000399361
0.000199681
0.00678914
0.00399361
0.000199681
0.000199681
0.000199681
0.00119808
0.00139776
0.00359425
0.000199681
0.000199681
0.000399361
0.0103834
0.000199681
0.000199681
0.000199681
0.000599042
0.000399361
0.000199681
0.000199681
0.000199681
0.0353435
0.000199681
0.000199681
0.000199681
0.000199681
0.000199681
0.000399361
0.00519169
0.0061901
0.000798722
0.000199681
0.000199681
0.00778754
0.000199681
0.0790735
0.000199681
0.0145767
0.00159744
0.00339457
0.000199681
0.0698882
0.000199681
0.000599042
0.000199681
0.000199681
0.000199681
0.000399361
0.101238
0.000199681
0.000399361
0.000199681
0.00239617
0.00139776
0.000399361
0.000199681
0.0209665
0.000199681
0.00479233
0.000199681
0.000199681
0.000399361
0.000798722
0.00279553
0.000199681
0.141174
0.000199681
0.000199681
0.000199681
0.000399361
0.000199681
0.000399361
0.000199681
0.000199681
0.000199681
0.000199681
0.000199681
0.000199681
0.000199681
0.000599042
0.000199681
0.000399361
0.256589
0.000199681
0.485623
0.000399361
0.00139776
0.000199681
0.000199681
0.000199681
0.000199681
0.000199681
0.000199681
0.000199681
0.00379393
0.000199681
0.000199681
0.000199681
0.00199681
0.000199681
0.000199681
0.000199681
0.135982
0.196286
0.000199681
0.000199681
0.000399361
0.000199681
0.000599042
0.000199681
0.000399361
0.000199681
0.000798722
0.00339457
0.000199681
0.000798722
0.00339457
0.0107827
0.00199681
0.000199681
0.00279553
0.000199681
0.000199681
0.00239617
0.000199681
0.00599042
0.0071885
0.000998403
0.151158
0.00359425
0.000798722
0.000199681
0.000199681
0.144968
0.000199681
0.000399361
0.00439297
0.000199681
0.000199681
0.000399361
0.00139776
0.000199681
0.0269569
0.000199681
0.000199681
0.000399361
0.000199681
0.000798722
0.0273562
0.000399361
0.000199681
0.000199681
0.000199681
0.00279553
0.000199681
0.000199681
0.0177716
0.0105831
0.00159744
0.000199681
0.000798722
0.0257588
0.000199681
0.000199681
0.000599042
0.000599042
0.000199681
0.000199681
0.00678914
0.000199681
0.000399361
0.000199681
0.181709
0.000199681
0.000199681
0.000199681
0.000399361
0.000199681
0.000199681
0.000199681
0.000199681
0.000199681
0.000399361
0.000199681
0.000199681
0.000399361
0.000199681
0.000199681
0.000798722
0.000199681
0.240815
0.000199681
0.000798722
0.000399361
0.00119808
0.00279553
0.000199681
0.000399361
0.000199681
0.000199681
0.000199681
0.00319489
0.000599042
0.000199681
0.000199681
0.000199681
0.00519169
0.000199681
0.000199681
0.00119808
0.000199681
0.289736
0.00119808
0.108626
0.000199681
0.000199681
0.00119808
0.00179712
0.00419329
0.000199681
0.00539137
0.108826
0.000199681
0.000399361
0.00539137
0.000199681
0.000199681
0.114617
0.000199681
0.00399361
0.000199681
0.348642
0.000199681
0.000199681
0.0379393
0.000399361
0.000798722
0.482827
0.000199681
0.000199681
0.00319489
0.0153754
0.000199681
0.000199681
0.00319489
0.000399361
0.000199681
0.000199681
0.000399361
0.00259585
0.000199681
0.00199681
0.000798722
0.000199681
0.00139776
0.000199681
0.000199681
0.0227636
0.000599042
0.000399361
0.0247604
0.00539137
0.00199681
0.00199681
0.000399361
0.00579073
0.000199681
0.000199681
0.000199681
0.0323482
0.000199681
0.0339457
0.000199681
0.000199681
0.000399361
0.000399361
0.00399361
0.000199681
0.000199681
0.000399361
0.000199681
0.000199681
0.000199681
0.000199681
0.000199681
0.000599042
0.000199681
0.00199681
0.0129792
0.000399361
0.000199681
0.000199681
0.000199681
0.00998403
0.00878594
0.00299521
0.00119808
0.00139776
0.00279553
0.000199681
0.000199681
0.029353
0.310503
0.000199681
0.00319489
0.00179712
0.000199681
0.00139776
0.000199681
0.000399361
0.000399361
0.000199681
0.000399361
0.000199681
0.000199681
0.108626
0.253994
0.000199681
0.0870607
0.00858626
0.00858626
0.276158
0.10024
0.000399361
0.000199681
0.000399361
0.0547125
0.000599042
0.000199681
0.000199681
0.000199681
0.000199681
0.103035
0.000399361
0.00239617
0.000599042
0.456869
0.000199681
0.000199681
0.00339457
0.00239617
0.115415
0.000199681
0.00339457
0.000199681
0.000199681
0.000599042
0.0119808
0.000599042
0.00219649
0.000399361
0.000399361
0.000199681
0.000199681
0.000399361
0.000199681
0.000599042
0.000798722
0.000199681
0.270567
0.000199681
0.000199681
0.000199681
0.000199681
0.241014
0.000199681
0.000199681
0.000199681
0.000199681
0.000199681
0.000199681
0.00259585
0.000199681
0.000199681
0.0848642
0.000199681
0.00159744
0.0557109
0.000599042
0.000599042
0.159744
0.0491214
0.000399361
0.000199681
0.00139776
0.000399361
0.000399361
0.0305511
0.000199681
0.000998403
0.000199681
0.00519169
0.000199681
0.000199681
0.0161741
0.000998403
0.000199681
0.000199681
0.00399361
0.00599042
0.000199681
0.000399361
0.0407348
0.241214
0.000199681
0.000199681
0.00499201
0.00219649
0.000199681
0.000199681
0.000399361
0.0171725
0.000199681
0.000199681
0.000199681
0.000399361
0.0121805
0.131589
0.000399361
0.106629
0.123003
0.000199681
0.00199681
0.00119808
0.0375399
0.000399361
0.000599042
0.000199681
0.000199681
0.000399361
0.000199681
0.000199681
0.000399361
0.000199681
0.000199681
0.000399361
0.00139776
0.000199681
0.00139776
0.000199681
0.000199681
0.00279553
0.000199681
0.000399361
0.000199681
0.00658946
0.000998403
0.000599042
0.000199681
0.000199681
0.000798722
0.00579073
0.000798722
0.000199681
0.000199681
0.000998403
0.00339457
0.0890575
0.000399361
0.000199681
0.000798722
0.000199681
0.000199681
0.000199681
0.000798722
0.000798722
0.00299521
0.00359425
0.000199681
0.00259585
0.0195687
0.000199681
0.000199681
0.00139776
0.00379393
0.000399361
0.000199681
0.00179712
0.000399361
0.000798722
0.000199681
0.000199681
0.000199681
0.000199681
0.107827
0.000199681
0.000199681
0.000199681
0.000199681
0.000399361
0.000199681
0.000199681
0.000199681
0.000199681
0.000199681
0.00459265
0.000199681
0.000199681
0.000199681
0.0772764
0.000798722
0.00319489
0.00199681
0.00119808
0.000399361
0.000998403
0.00359425
0.000199681
0.000199681
0.00259585
0.000199681
0.000399361
0.000199681
0.000199681
0.000199681
0.000199681
0.000199681
0.000599042
0.000599042
0.0171725
0.000798722
0.00519169
0.000199681
0.000199681
0.000199681
0.00139776
0.00519169
0.00399361
0.000199681
0.000399361
0.00199681
0.000399361
0.000199681
0.00179712
0.00119808
0.00399361
0.0621006
0.0605032
0.000199681
0.000199681
0.00159744
0.000599042
0.000199681
0.0309505
0.000199681
0.000199681
0.00179712
0.000399361
0.00179712
0.000199681
0.000199681
0.00359425
0.219449
0.00179712
0.00159744
0.0856629
0.000199681
0
0.000199681
0.0728834
0.00339457
0.0151757
0.0505192
0.0201677
0.000599042
0.0255591
0.000199681
0.000199681
0.0061901
0.000798722
0.0688898
0.000199681
0.00419329
0.00279553
0.00119808
0.0315495
0.000399361
0.00279553
0.000798722
0.000199681
0.000199681
0.00299521
0.0081869
0.000199681
0.00738818
0.000199681
0.000199681
0.00499201
0.0704872
0.000199681
0.00299521
0.000199681
0.000199681
0.000798722
0.000199681
0.000798722
0.0107827
0.0275559
0.000199681
0.0565096
0.000199681
0.000199681
0.00219649
0.000199681
0.00279553
0.000199681
0.000399361
0.000199681
0.000199681
0.000199681
0.000399361
0.000199681
0.125399
0.125599
0.000199681
0.0229633
0.000599042
0.000199681
0.00379393
0.000199681
0.00179712
0.000199681
0.000199681
0.000399361
0.000599042
0.000199681
0.000199681
0.000199681
0.000399361
0.000399361
0.00279553
0.000199681
0.000199681
0.000199681
0.000199681
0.000199681
0.000399361
0.000199681
0.00279553
0.0257588
0.000599042
0.000199681
0.000199681
0.00599042
0.000199681
0.00159744
0.000199681
0.000199681
0.0131789
0.000199681
0.000199681
0.00259585
0.000199681
0.01877
0.0195687
0.000798722
0.000199681
0.000798722
0.000199681
0.000599042
0.000199681
0.000199681
0.000199681
0.000199681
0.00279553
0.000199681
0.154952
0.00219649
0.000199681
0.013778
0.000199681
0.000199681
0.000998403
0.0708866
0.000199681
0.000998403
0.000199681
0.00259585
0.000199681
0.0107827
0.220847
0.000998403
0.00119808
0.000798722
0.000199681
0.00199681
0.000399361
0.000199681
0.000199681
0.000998403
0.0105831
0.000199681
0.0555112
0.000199681
0.000199681
0.0129792
0.000199681
0.000399361
0.000199681
0.00678914
0.000399361
0.000199681
0.136382
0.000199681
0.000399361
0.00419329
0.000199681
0.000199681
0.00698882
0.208866
0.00139776
0.00439297
0.000199681
0.000199681
0.000998403
0.453275
0.000399361
0.118411
0.000199681
0.000199681
0.000199681
0.00139776
0.000399361
0.000199681
0.000199681
0.00339457
0.000199681
0.000599042
0.000798722
0.0115815
0.000399361
0.000399361
0.000199681
0.000199681
0.00319489
0.000199681
0.000399361
0.000199681
0.000199681
0.000199681
0.000199681
0.000199681
0.000199681
0.00239617
0.00399361
0.000399361
0.000199681
0.353235
0.000199681
0.000199681
0.000998403
0.000599042
0.000199681
0.000199681
0.000199681
0.000399361
0.000199681
0.000199681
0.000199681
0.000199681
0.000199681
0.000399361
0.490216
0.000599042
0.0115815
0.000199681
0.000199681
0.000399361
0.000199681
0.000199681
0
0.000199681
0.441893
0.0479233
0.000199681
0.00778754
0.00239617
0.00119808
0.000399361
0.000399361
0.0105831
0.00119808
0.000199681
0.000599042
0.000199681
0.00279553
0.00199681
0.000599042
0.00299521
0.00199681
0.000199681
0.000399361
0.000399361
0.000199681
0.00179712
0.00139776
0.000399361
0.000399361
0.0155751
0.000199681
0.000199681
0.188299
0.00419329
0.00858626
0.000399361
0.000399361
0.000199681
0.000599042
0.000399361
0.000199681
0.000199681
0.000399361
0.00579073
0.00459265
0.0589058
0.000199681
0.000199681
0.000199681
0.00519169
0.413738
0.0958466
0.000399361
0.000599042
0.00159744
0.000399361
0.00179712
0.00539137
0.000199681
0.000199681
0.00459265
0.000199681
0.000599042
0.000199681
0.000199681
0.000599042
0.000199681
0.000599042
0.00119808
0.000199681
0.00139776
0.000199681
0.000199681
0.000399361
0.000599042
0.000199681
0.000199681
0.0107827
0.000599042
0.000798722
0.000199681
0.000199681
0.0339457
0.000199681
0.000199681
0.00139776
0.000199681
0.000199681
0.000399361
0.00838658
0.0071885
0.000199681
0.00998403
0.000199681
0.000399361
0.000599042
0.000199681
0.117412
0.117412
0.000199681
0.000199681
0.000199681
0.000199681
0.000199681
0.000998403
0.000199681
0.000199681
0.000399361
0.000798722
0.000399361
0.000599042
0.000199681
0.000199681
0.000199681
0.000199681
0.000399361
0.000199681
0.000399361
0.00758786
0.000199681
0.00658946
0.000199681
0.000199681
0.000199681
0.000199681
0.000399361
0.00339457
0.000798722
0.000599042
0.000399361
0.398562
0.00239617
0.000399361
0.000199681
0.213458
0.0181709
0.00259585
0.000199681
0.000399361
0.000199681
0.129792
0.000199681
0.000199681
0.000199681
0.00139776
0.00419329
0.000998403
0.00219649
0.000199681
0.000399361
0.00259585
0.000199681
0.000199681
0.00519169
0.000199681
0.000199681
0.0491214
0.000199681
0.000798722
0.000199681
0.000199681
0.000599042
0.000199681
0.000199681
0.00259585
0.000199681
0.000399361
0.000199681
0.000199681
0.000399361
0.000199681
0.000399361
0.00419329
0.000199681
0.000199681
0.000399361
0.000199681
0.000599042
0.00579073
0.000199681
0.00359425
0.000199681
0.00139776
0.000399361
0.000199681
0.000399361
0.000199681
0.000199681
0.000399361
0.393171
0.000199681
0.000199681
0.000199681
0.000399361
0.00499201
0.23103
0.000199681
0.000199681
0.000199681
0.0181709
0.000599042
0.000199681
0.000199681
0.00798722
0.00119808
0.000199681
0.38738
0.387979
0.000399361
0.00219649
0.00499201
0.00179712
0.00119808
0.0071885
0.434305
0.00399361
0.000599042
0.000998403
0.000199681
0.000199681
0.0241613
0.000399361
0.00139776
0.00279553
0.0101837
0.0704872
0.000199681
0.00319489
0.000199681
0.000199681
0.0766773
0.0988419
0.0365415
0.00279553
0.479433
0.000199681
0.000199681
0.000199681
0.000599042
0.000199681
0.000199681
0.0101837
0.00119808
0.000199681
0.000199681
0.0109824
0.000399361
0.000399361
0.000199681
0.000399361
0.000399361
0.000199681
0.000199681
0.000399361
0.000399361
0.00179712
0.000199681
0.000199681
0.000199681
0.205671
0.000199681
0.00359425
0.000199681
0.0103834
0.000199681
0.000399361
0.000199681
0.000199681
0.00179712
0.000199681
0.000199681
0.000199681
0.000998403
0.000399361
0.000199681
0.00419329
0.00419329
0.00638978
0.000199681
0.000199681
0.000199681
0.000199681
0.000199681
0.000199681
0.0367412
0.00219649
0.000199681
0.000199681
0.00359425
0.000798722
0.000199681
0.000199681
0.000199681
0.000199681
0.000199681
0.000399361
0.000199681
0.000199681
0.397963
0.00119808
0.000199681
0.0858626
0.259984
0.000199681
0.000199681
0.000199681
0.000599042
0.000199681
0.000199681
0.000199681
0.170727
0.000399361
0.000399361
0.000599042
0.000199681
0.000199681
0.000399361
0.000199681
0.000199681
0.123802
0.177915
0.328275
0.000199681
0.0253594
0.000199681
0.000599042
0.000199681
0.000199681
0.000399361
0.00179712
0.00119808
0.000199681
0.000199681
0.0351438
0.000199681
0.000199681
0.000199681
0.00179712
0.000199681
0.00159744
0.000798722
0.000199681
0.000599042
0.000798722
0.000199681
0.000199681
0.000199681
0.000399361
0.000199681
0.00259585
0.000199681
0.000199681
0.000599042
0.000199681
0.00179712
0.000199681
0.000399361
0.000199681
0.00159744
0.000199681
0.000199681
0.00339457
0.103235
0.0169728
0.0882588
0.000399361
0.00139776
0.000199681
0.00199681
0.0407348
0.00359425
0.000199681
0.000199681
0.000199681
0.000199681
0.00379393
0.483227
0.000998403
0.000199681
0.00439297
0.00479233
0.00878594
0.000199681
0.0371406
0.0171725
0.000998403
0.000199681
0.000199681
0.000599042
0.000998403
0.000399361
0.000998403
0.00179712
0.0405351
0.000199681
0.000199681
0.00778754
0.0551118
0.00259585
0.000199681
0.000199681
0.000199681
0.0195687
0.00658946
0.00399361
0.000199681
0.000199681
0.000199681
0.000199681
0.000199681
0.000199681
0.000199681
0.000599042
0.000199681
0.00958466
0.014976
0.00958466
0.000199681
0.313299
0.000599042
0.000798722
0.00698882
0.14357
0.000599042
0.115216
0.00199681
0.00419329
0.00279553
0
0.00159744
0.000199681
0.000199681
0.000199681
0.0113818
0.000399361
0.000599042
0.000199681
0.00958466
0.00778754
0.0189696
0.000199681
0.250599
0.000399361
0.000199681
0.00119808
0.0359425
0.0359425
0.000798722
0.000199681
0.0359425
0.0359425
0.0359425
0.00119808
0.000199681
0.000199681
0.000399361
0.00119808
0.000199681
0.000199681
0.0245607
0.000199681
0.000199681
0.000199681
0.0253594
0.0157748
0.0375399
0.00738818
0.0800719
0.000199681
0.0810703
0.00299521
0.000798722
0.00119808
0.000199681
0.000399361
0.000798722
0.000399361
0.000798722
0.00419329
0.000199681
0.000399361
0.000199681
0.00579073
0.000798722
0.0826677
0.116014
0.000199681
0.0607029
0.000199681
0.116014
0.00379393
0.000199681
0.000199681
0.00359425
0.115815
0.000199681
0.0081869
0.000199681
0.000199681
0.00199681
0.000199681
0.000199681
0.000199681
0.000199681
0.000599042
0.00139776
0.000798722
0.000199681
0.00658946
0.00559105
0.000199681
0.00239617
0.000599042
0.000399361
0.000199681
0.000199681
0.000599042
0.000798722
0.000199681
0.00259585
0.0391374
0.270367
0.412939
0.000599042
0.000199681
0.000399361
0.000199681
0.000199681
0.00698882
0.000199681
0.000199681
0.00419329
0.000199681
0.000199681
0.113618
0.000599042
0.00179712
0.134784
0.000199681
0.000199681
0.000199681
0.000199681
0.000199681
0.000199681
0.000199681
0.0573083
0.178514
0.00119808
0.000199681
0.000199681
0.0327476
0.000199681
0.000399361
0.000199681
0.000199681
0.000199681
0.000199681
0.0167732
0.000199681
0.000199681
0.0808706
0.000199681
0.000199681
0.000998403
0.00179712
0.000199681
0.000399361
0.317891
0.00379393
0.000199681
0.000199681
0.000199681
0.000199681
0.000998403
0.000199681
0.000199681
0.334065
0.0121805
0.000199681
0.00119808
0.00399361
0.000199681
0.000199681
0.000998403
0.000798722
0.000199681
0.000199681
0.000599042
0.000199681
0.000199681
0.000199681
0.000199681
0.000599042
0.00239617
0.294728
0.000399361
0.061901
0.000199681
0.321086
0.0587061
0.00379393
0.000399361
0.000599042
0.000199681
0.000199681
0.000199681
0.000199681
0.000199681
0.000399361
0.000199681
0.221046
0.000199681
0.248403
0.000199681
0.000199681
0.000399361
0.0249601
0.000199681
0.000199681
0.00199681
0.000399361
0.000199681
0.000199681
0.000199681
0.000998403
0.0133786
0.000199681
0.000199681
0.0127796
0.000199681
0.000399361
0.00638978
0.000998403
0.000798722
0.00139776
0.000199681
0.000199681
0.000199681
0.000199681
0.000599042
0.000599042
0
0.000199681
0.000199681
0.000199681
0.000599042
0.000399361
0.00199681
0.000199681
0.0309505
0.000399361
0.000199681
0.000798722
0.00239617
0.000199681
0.00519169
0.000199681
0.000998403
0.00119808
0.00858626
0.000199681
0.000199681
0.00698882
0.000199681
0.000199681
0.00778754
0.00539137
0.000199681
0.000399361
0.000599042
0.000199681
0.0660942
0.000199681
0.000199681
0.000199681
0.00499201
0.232228
0.00159744
0.000199681
0.000199681
0.000199681
0.000199681
0.000199681
0.000199681
0.0611022
0.000199681
0.00159744
0.000399361
0.00279553
0.000199681
0.00119808
0.000199681
0.00299521
0.000798722
0.000399361
0.000199681
0.000199681
0.000399361
0.0650958
0.000199681
0.00179712
0.000199681
0.00658946
0.000199681
0.00778754
0.000199681
0.000199681
0.0155751
0.000199681
0.000399361
0.000199681
0.00858626
0.000199681
0.000199681
0.000399361
0.000199681
0.00279553
0.000599042
0.000199681
0.000199681
0.000399361
0.0163738
0.000199681
0.000199681
0.000798722
0.000199681
0.00419329
0.000199681
0.0159744
0.000199681
0.000199681
0.0940495
0.000199681
0.00658946
0.000599042
0.0750799
0.000199681
0.000199681
0.000199681
0.000199681
0.000399361
0.00119808
0.000199681
0.000199681
0.00299521
0.0625
0.000199681
0.1252
0.000199681
0.000199681
0.00199681
0.000199681
0.199281
0.1252
0.000599042
0.000199681
0.0091853
0.000199681
0.00499201
0.000199681
0.000599042
0.000199681
0.000599042
0.000199681
0.000199681
0.000599042
0.00658946
0.000399361
0.000199681
0.00359425
0.000798722
0.000199681
0.000399361
0.00139776
0.000199681
0.000199681
0.000199681
0.000998403
0.000599042
0.000199681
0.000199681
0.000199681
0.000199681
0.000599042
0.000599042
0.0355431
0.000199681
0.000599042
0.000199681
0.000199681
0.00559105
0.000199681
0.00119808
0.00579073
0.000199681
0.000199681
0.000199681
0.000199681
0.000199681
0.00139776
0.000399361
0.247604
0.00299521
0.000599042
0.000199681
0.000199681
0.218051
0
0.1
0.2
0.3
0.4
0.5
