0.00409334919567358	DNA	0	18
0.0180759463665842	DNA_CMC-EnSpm	0	18
0.00637961032881432	DNA_hAT-Ac	0	18
0.00348430894014359	DNA_hAT-Tag1	0	18
0.00353427556980333	DNA_hAT-Tip100	0	18
0.00864123353857445	DNA_PIF-Harbinger	0	18
0.00196896152175309	LINE_L1	0	18
0.00595040388786615	Low_complexity	0	18
0.0010555162689412	LTR_Caulimovirus	0	18
0.0302150742423065	LTR_Copia	0	18
0.0565235409325064	LTR_Gypsy	0	18
0.987585599744436	Non_repeat	0	18
0.0359686050040939	RC_Helitron	0	18
1.84208772939127e-05	Satellite	0	18
0.0196721153841017	Simple_repeat	0	18
0.000668677845769031	SINE	0	18
0.00451702937343357	SINE_tRNA	0	18
0.000139538145501389	tRNA	0	18
0.00892652687566392	DNA	1	19
0.0497720591433213	DNA_CMC-EnSpm	1	19
0.0153174199918208	DNA_hAT-Ac	1	19
0.00906238084570653	DNA_hAT-Tag1	1	19
0.00680743520396544	DNA_hAT-Tip100	1	19
0.023919969688078	DNA_PIF-Harbinger	1	19
0.0126171496414993	LINE_L1	1	19
0.0162082996699476	Low_complexity	1	19
0.00339427690236959	LTR_Caulimovirus	1	19
0.0753206646451473	LTR_Copia	1	19
0.258653755129915	LTR_Gypsy	1	19
2.28275471914784	Non_repeat	1	19
0.0953471516561907	RC_Helitron	1	19
0.000545257967899816	rRNA	1	19
0.000239931926753213	Satellite	1	19
0.0487119376550566	Simple_repeat	1	19
0.00117433092748694	SINE	1	19
0.0120801810683818	SINE_tRNA	1	19
0.000204932259894779	tRNA	1	19
0.0002373990561253	DNA_CMC-EnSpm	10	10
0.000224043920087213	DNA_PIF-Harbinger	10	10
2.46379233806082e-05	Low_complexity	10	10
0.000517396390992773	LTR_Caulimovirus	10	10
0.000198484952841909	LTR_Copia	10	10
0.0070574986132303	LTR_Gypsy	10	10
0.00381035846824584	Non_repeat	10	10
0.000203090172165388	RC_Helitron	10	10
2.48681843467822e-05	Satellite	10	10
0.000102005608015042	Simple_repeat	10	10
0.00289737373736629	DNA	11	18
0.0417638130007589	DNA_CMC-EnSpm	11	18
0.00417647340446236	DNA_hAT-Ac	11	18
0.00265306685225578	DNA_hAT-Tag1	11	18
0.000669368628667553	DNA_hAT-Tip100	11	18
0.0034771708501922	DNA_PIF-Harbinger	11	18
0.00249280521979874	LINE_L1	11	18
0.00398121210514688	Low_complexity	11	18
0.00204771077218457	LTR_Caulimovirus	11	18
0.040118137875514	LTR_Copia	11	18
0.178140935958512	LTR_Gypsy	11	18
0.693403728838718	Non_repeat	11	18
0.0252732133862821	RC_Helitron	11	18
0.0014287692951091	Satellite	11	18
0.0125522160490383	Simple_repeat	11	18
0.000194340255450779	SINE	11	18
0.00195100116639153	SINE_tRNA	11	18
1.42761799027823e-05	tRNA	11	18
4.0525930046608e-05	DNA_hAT-Ac	12	5
0.000877985064021114	LTR_Copia	12	5
0.000184208772939127	LTR_Gypsy	12	5
0.00237191821255743	Non_repeat	12	5
2.532870627913e-05	Simple_repeat	12	5
0.00170001671326197	DNA	13	18
0.0139496698527477	DNA_CMC-EnSpm	13	18
0.00206498034464761	DNA_hAT-Ac	13	18
0.00153330777375206	DNA_hAT-Tag1	13	18
0.000378549028389906	DNA_hAT-Tip100	13	18
0.0031550357585149	DNA_PIF-Harbinger	13	18
0.00145248617462502	LINE_L1	13	18
0.00176725291538475	Low_complexity	13	18
0.00113104186584624	LTR_Caulimovirus	13	18
0.0270439202161594	LTR_Copia	13	18
0.0528573258290855	LTR_Gypsy	13	18
0.291450054803031	Non_repeat	13	18
0.0115003839555559	RC_Helitron	13	18
0.000328812659696342	Satellite	13	18
0.00638444580910397	Simple_repeat	13	18
0.000107531871203215	SINE	13	18
0.000882129761412245	SINE_tRNA	13	18
9.16438645372157e-05	tRNA	13	18
0.00132492159936467	DNA	14	17
0.0133364848998266	DNA_CMC-EnSpm	14	17
0.000830321044023115	DNA_hAT-Ac	14	17
0.00112183142719928	DNA_hAT-Tag1	14	17
0.000738216657553552	DNA_hAT-Tip100	14	17
0.00338690855145202	DNA_PIF-Harbinger	14	17
0.000319371960083212	LINE_L1	14	17
0.00178590405364484	Low_complexity	14	17
0.000713348473206769	LTR_Caulimovirus	14	17
0.0152435062216789	LTR_Copia	14	17
0.0349803249372755	LTR_Gypsy	14	17
0.326068639762447	Non_repeat	14	17
0.00849409678118932	RC_Helitron	14	17
5.45718489832164e-05	Satellite	14	17
0.00616777023993432	Simple_repeat	14	17
8.03610771946942e-05	SINE	14	17
0.00104768739609129	SINE_tRNA	14	17
0.000207004608590344	DNA	15	13
0.000248681843467822	DNA_CMC-EnSpm	15	13
0.000235096446463561	DNA_hAT-Ac	15	13
0.00015082093284391	DNA_hAT-Tag1	15	13
0.000293122209939386	DNA_PIF-Harbinger	15	13
0.000268944808491126	Low_complexity	15	13
0.00102535208237242	LTR_Copia	15	13
0.00263027101660456	LTR_Gypsy	15	13
0.0689696066761386	Non_repeat	15	13
0.00136567779037745	RC_Helitron	15	13
0.00127956018902841	Simple_repeat	15	13
0.00015726823989678	SINE	15	13
0.000203090172165388	SINE_tRNA	15	13
0.00428354475373323	DNA	16	19
0.0615830651422457	DNA_CMC-EnSpm	16	19
0.00520620044519208	DNA_hAT-Ac	16	19
0.00541965236083529	DNA_hAT-Tag1	16	19
0.00529830483166164	DNA_hAT-Tip100	16	19
0.0090009011677381	DNA_PIF-Harbinger	16	19
0.00675355413788075	LINE_L1	16	19
0.00683921121729744	Low_complexity	16	19
0.00215616368725248	LTR_Caulimovirus	16	19
0.0763849308308031	LTR_Copia	16	19
0.186629276215547	LTR_Gypsy	16	19
1.2646920081816	Non_repeat	16	19
0.0481199367110235	RC_Helitron	16	19
0.00195284325412092	rRNA	16	19
0.000160722154389388	Satellite	16	19
0.0228969202153673	Simple_repeat	16	19
0.000546409272730686	SINE	16	19
0.00382601621394567	SINE_tRNA	16	19
6.51638534272162e-05	tRNA	16	19
0.000115821265985476	DNA	17	18
0.00780722831909255	DNA_CMC-EnSpm	17	18
0.00182758128852231	DNA_hAT-Ac	17	18
0.0002426950583473	DNA_hAT-Tag1	17	18
6.00981121713902e-05	DNA_hAT-Tip100	17	18
0.000802689728082246	DNA_PIF-Harbinger	17	18
0.000371180677472341	LINE_L1	17	18
0.000883511327209288	Low_complexity	17	18
0.000827327651462854	LTR_Caulimovirus	17	18
0.00295586002277447	LTR_Copia	17	18
0.0201784592487182	LTR_Gypsy	17	18
0.187325355116291	Non_repeat	17	18
0.00498837357119156	RC_Helitron	17	18
0.000134011882313215	Satellite	17	18
0.00343664492014559	Simple_repeat	17	18
5.06574125582599e-05	SINE	17	18
0.000271707940085212	SINE_tRNA	17	18
1.63485285983475e-05	tRNA	17	18
0.00736742987370039	DNA	18	20
0.0620399028991348	DNA_CMC-EnSpm	18	20
0.00466301482598783	DNA_hAT-Ac	18	20
0.00605102793008415	DNA_hAT-Tag1	18	20
0.00226968234357622	DNA_hAT-Tip100	18	20
0.012113568908477	DNA_PIF-Harbinger	18	20
0.00675171205015135	LINE_L1	18	20
0.00823850710873628	Low_complexity	18	20
0.00260010683003578	LTR_Caulimovirus	18	20
0.0814928098434389	LTR_Copia	18	20
0.213567967170165	LTR_Gypsy	18	20
1.49309661044621	Non_repeat	18	20
0.0436125782981692	RC_Helitron	18	20
0.000973082843050939	rRNA	18	20
0.000519238478722164	Satellite	18	20
0.027241944647069	Simple_repeat	18	20
0.000766308495426768	SINE	18	20
0.00466025169439374	SINE_tRNA	18	20
4.09864519789558e-05	snRNA	18	20
0.000148288062215997	tRNA	18	20
0.00415206574204792	DNA	19	20
0.0463936702476177	DNA_CMC-EnSpm	19	20
0.0056446173247872	DNA_hAT-Ac	19	20
0.0040155209891068	DNA_hAT-Tag1	19	20
0.00329825807947507	DNA_hAT-Tip100	19	20
0.00797232543183924	DNA_PIF-Harbinger	19	20
0.00938014097902652	LINE_L1	19	20
0.00966819744771008	Low_complexity	19	20
0.0043473270413634	LTR_Caulimovirus	19	20
0.085184353653139	LTR_Copia	19	20
0.226865537966708	LTR_Gypsy	19	20
1.74057580088771	Non_repeat	19	20
0.0462780792425984	RC_Helitron	19	20
0.00207787495875335	rRNA	19	20
0.000385456857375123	Satellite	19	20
0.0297575457025189	Simple_repeat	19	20
0.000533744919591121	SINE	19	20
0.00505399794655112	SINE_tRNA	19	20
4.0525930046608e-05	snRNA	19	20
0.000110985785695824	tRNA	19	20
0.00496442643070947	DNA	2	19
0.0527145640300576	DNA_CMC-EnSpm	2	19
0.00708674175593439	DNA_hAT-Ac	2	19
0.00406594814069888	DNA_hAT-Tag1	2	19
0.00275000671901499	DNA_hAT-Tip100	2	19
0.0101015485860494	DNA_PIF-Harbinger	2	19
0.0223599516422498	LINE_L1	2	19
0.00621128956254119	Low_complexity	2	19
0.0053975473080826	LTR_Caulimovirus	2	19
0.0503341261617518	LTR_Copia	2	19
0.377142824669482	LTR_Gypsy	2	19
1.03511261446756	Non_repeat	2	19
0.0440602056164113	RC_Helitron	2	19
0.000439337923459818	rRNA	2	19
0.000386377901239819	Satellite	2	19
0.0228773480332425	Simple_repeat	2	19
0.000458449583652252	SINE	2	19
0.00464321238289687	SINE_tRNA	2	19
0.000141610494196954	tRNA	2	19
0.000587625985675815	DNA	20	18
0.00728706879650569	DNA_CMC-EnSpm	20	18
0.00201823736851431	DNA_hAT-Ac	20	18
0.000757788839678334	DNA_hAT-Tag1	20	18
0.00213175602483805	DNA_hAT-Tip100	20	18
0.0022160315384577	DNA_PIF-Harbinger	20	18
0.00110087767927746	LINE_L1	20	18
0.00159570849558519	Low_complexity	20	18
0.000117663353714867	LTR_Caulimovirus	20	18
0.0142840087756323	LTR_Copia	20	18
0.0460848902919785	LTR_Gypsy	20	18
0.36205474459997	Non_repeat	20	18
0.00950310033496339	RC_Helitron	20	18
6.12494170022597e-05	Satellite	20	18
0.00612724430988771	Simple_repeat	20	18
0.000189965297093475	SINE	20	18
0.000876603498224071	SINE_tRNA	20	18
3.91443642495645e-05	tRNA	20	18
0.0110626578588593	DNA	21	20
0.0852525108991265	DNA_CMC-EnSpm	21	20
0.00755117812470717	DNA_hAT-Ac	21	20
0.00707568922955804	DNA_hAT-Tag1	21	20
0.00643832687518866	DNA_hAT-Tip100	21	20
0.0169944106084653	DNA_PIF-Harbinger	21	20
0.0140212810132278	LINE_L1	21	20
0.0170089170493343	Low_complexity	21	20
0.00502314297708382	LTR_Caulimovirus	21	20
0.127193394582873	LTR_Copia	21	20
0.32585242471521	LTR_Gypsy	21	20
3.09407554928615	Non_repeat	21	20
0.0883568892450832	RC_Helitron	21	20
0.00598010755250259	rRNA	21	20
0.00221626179942387	Satellite	21	20
0.0557321339917667	Simple_repeat	21	20
0.00140620372042406	SINE	21	20
0.0086628780693948	SINE_tRNA	21	20
1.56577456998258e-05	snRNA	21	20
0.000183517990040605	tRNA	21	20
0.000220129483662257	DNA	22	11
0.000818347473782072	DNA_CMC-EnSpm	22	11
6.76967240551292e-05	DNA_hAT-Tag1	22	11
6.99993337168683e-05	DNA_PIF-Harbinger	22	11
5.52626318817381e-05	Low_complexity	22	11
0.00227014286550857	LTR_Copia	22	11
0.00607612637539711	LTR_Gypsy	22	11
0.0122911001133971	Non_repeat	22	11
0.000835386785278941	RC_Helitron	22	11
0.000243616102211996	Simple_repeat	22	11
3.91443642495645e-05	SINE_tRNA	22	11
0.0104368085527986	DNA	23	19
0.0778834691986629	DNA_CMC-EnSpm	23	19
0.00848764947413645	DNA_hAT-Ac	23	19
0.0090052761260954	DNA_hAT-Tag1	23	19
0.00660342398793536	DNA_hAT-Tip100	23	19
0.0184954818469531	DNA_PIF-Harbinger	23	19
0.00671394925169883	LINE_L1	23	19
0.0157086333733502	Low_complexity	23	19
0.00645674775248258	LTR_Caulimovirus	23	19
0.116114388195416	LTR_Copia	23	19
0.297506148474371	LTR_Gypsy	23	19
2.89145971471108	Non_repeat	23	19
0.0827352980169134	RC_Helitron	23	19
0.00211310488657796	rRNA	23	19
0.000422528872929123	Satellite	23	19
0.0521909505929782	Simple_repeat	23	19
0.00147758461993797	SINE	23	19
0.0086099180471748	SINE_tRNA	23	19
0.000410785563654253	tRNA	23	19
0.000136314491974954	LTR_Copia	24	5
0.000653941143933901	LTR_Gypsy	24	5
0.00112298273203015	Non_repeat	24	5
5.45718489832164e-05	RC_Helitron	24	5
1.88813992262605e-05	Simple_repeat	24	5
0.00489350605312791	DNA	25	20
0.0335916210502807	DNA_CMC-EnSpm	25	20
0.00523106862953886	DNA_hAT-Ac	25	20
0.00465081099478061	DNA_hAT-Tag1	25	20
0.00231458323198013	DNA_hAT-Tip100	25	20
0.011711072739605	DNA_PIF-Harbinger	25	20
0.00427824875151123	LINE_L1	25	20
0.0107990090525901	Low_complexity	25	20
0.0020157044978864	LTR_Caulimovirus	25	20
0.0666248592575897	LTR_Copia	25	20
0.17130379708991	LTR_Gypsy	25	20
1.88093851090896	Non_repeat	25	20
0.0443609264382344	RC_Helitron	25	20
0.000526376568673556	rRNA	25	20
0.000255589672453039	Satellite	25	20
0.0330921850146495	Simple_repeat	25	20
0.000624007218331293	SINE	25	20
0.00548228334363459	SINE_tRNA	25	20
1.08222654101737e-05	snRNA	25	20
0.000278846030036604	tRNA	25	20
0.00285431493669177	DNA	27	20
0.025658439982691	DNA_CMC-EnSpm	27	20
0.00334937601396568	DNA_hAT-Ac	27	20
0.00179787762388588	DNA_hAT-Tag1	27	20
0.00204080294319935	DNA_hAT-Tip100	27	20
0.00621520399896615	DNA_PIF-Harbinger	27	20
0.00309355608054646	LINE_L1	27	20
0.00678348806348335	Low_complexity	27	20
0.000555619711377642	LTR_Caulimovirus	27	20
0.0455631189426284	LTR_Copia	27	20
0.116508134447573	LTR_Gypsy	27	20
1.19007985652937	Non_repeat	27	20
0.0300799110551624	RC_Helitron	27	20
7.59861188373899e-05	rRNA	27	20
0.000273550027814604	Satellite	27	20
0.0222945575278564	Simple_repeat	27	20
0.000540652748576338	SINE	27	20
0.00367266241047385	SINE_tRNA	27	20
0.000110295002797302	snRNA	27	20
7.02295946830422e-05	tRNA	27	20
0.000556771016208511	DNA	28	16
0.00371180677472341	DNA_CMC-EnSpm	28	16
0.000358286063366602	DNA_hAT-Ac	28	16
0.000180064075547997	DNA_hAT-Tag1	28	16
0.000296576124431995	DNA_hAT-Tip100	28	16
0.000266642198829386	DNA_PIF-Harbinger	28	16
2.30260966173909e-05	LINE_L1	28	16
0.000653941143933901	Low_complexity	28	16
8.79596890784332e-05	LTR_Caulimovirus	28	16
0.00385802248824384	LTR_Copia	28	16
0.016067149697683	LTR_Gypsy	28	16
0.12142213372669	Non_repeat	28	16
0.0027279016662623	RC_Helitron	28	16
0.00261829744636352	Simple_repeat	28	16
0.000278155247138082	SINE_tRNA	28	16
9.90122154547808e-06	tRNA	28	16
0.00142255224902241	DNA	29	18
0.00828087512651228	DNA_CMC-EnSpm	29	18
0.00116028500855033	DNA_hAT-Ac	29	18
0.00123742243221859	DNA_hAT-Tag1	29	18
0.00109120671869815	DNA_hAT-Tip100	29	18
0.00246010816260204	DNA_PIF-Harbinger	29	18
0.000959267185080504	LINE_L1	29	18
0.00223053797932665	Low_complexity	29	18
0.000112137090526694	LTR_Caulimovirus	29	18
0.0103154610236249	LTR_Copia	29	18
0.044246486738046	LTR_Gypsy	29	18
0.409394787418563	Non_repeat	29	18
0.0106387474201331	RC_Helitron	29	18
0.000151281454776258	Satellite	29	18
0.00724838495418848	Simple_repeat	29	18
7.41440311079986e-05	SINE	29	18
0.00114002204352702	SINE_tRNA	29	18
2.34866185497387e-05	tRNA	29	18
0.0155400823461109	DNA	3	19
0.206136294486902	DNA_CMC-EnSpm	3	19
0.0184277851228979	DNA_hAT-Ac	3	19
0.0134884571375014	DNA_hAT-Tag1	3	19
0.0111860777367285	DNA_hAT-Tip100	3	19
0.0284867354302051	DNA_PIF-Harbinger	3	19
0.0531932765787332	LINE_L1	3	19
0.0194506043346424	Low_complexity	3	19
0.00880863326098288	LTR_Caulimovirus	3	19
0.240150674671078	LTR_Copia	3	19
1.11790824085761	LTR_Gypsy	3	19
3.13193643891026	Non_repeat	3	19
0.115375941276896	RC_Helitron	3	19
0.000723710216684595	rRNA	3	19
0.0254231132752613	Satellite	3	19
0.0646144507619252	Simple_repeat	3	19
0.00155633387036945	SINE	3	19
0.0112756492525701	SINE_tRNA	3	19
0.000199636257672779	tRNA	3	19
0.00513159589215173	DNA	30	19
0.0308441472018936	DNA_CMC-EnSpm	30	19
0.00480163192762452	DNA_hAT-Ac	30	19
0.00288908434258403	DNA_hAT-Tag1	30	19
0.00265398789612047	DNA_hAT-Tip100	30	19
0.00744525808026717	DNA_PIF-Harbinger	30	19
0.00366207040602985	LINE_L1	30	19
0.00737203509302387	Low_complexity	30	19
0.00224366285439857	LTR_Caulimovirus	30	19
0.0547864522036905	LTR_Copia	30	19
0.146116931565943	LTR_Gypsy	30	19
1.33267586766154	Non_repeat	30	19
0.0355113067252726	RC_Helitron	30	19
0.000359667629163646	rRNA	30	19
0.000128255358158867	Satellite	30	19
0.0255046256572868	Simple_repeat	30	19
0.000398581732447036	SINE	30	19
0.00320131821271585	SINE_tRNA	30	19
0.000183748251006779	tRNA	30	19
2.30260966173909e-05	DNA_CMC-EnSpm	31	11
8.56570794166941e-05	DNA_hAT-Tag1	31	11
9.0953081638694e-05	DNA_hAT-Tip100	31	11
6.14796779684337e-05	LINE_L1	31	11
7.3222987243303e-05	Low_complexity	31	11
0.000459600888483122	LTR_Copia	31	11
0.00214534142184231	LTR_Gypsy	31	11
0.00729558845225413	Non_repeat	31	11
0.000459370627516948	RC_Helitron	31	11
0.000128025097192693	Simple_repeat	31	11
2.07234869556518e-05	SINE_tRNA	31	11
0.0104672030003335	DNA	32	20
0.0596735109497655	DNA_CMC-EnSpm	32	20
0.00829376974061802	DNA_hAT-Ac	32	20
0.0060514884520165	DNA_hAT-Tag1	32	20
0.0050065641875193	DNA_hAT-Tip100	32	20
0.0150318963937651	DNA_PIF-Harbinger	32	20
0.00725368095641048	LINE_L1	32	20
0.0137723689087938	Low_complexity	32	20
0.0015356103834138	LTR_Caulimovirus	32	20
0.0836869665901101	LTR_Copia	32	20
0.261187316540726	LTR_Gypsy	32	20
2.28000954790912	Non_repeat	32	20
0.0687045763040724	RC_Helitron	32	20
0.000419074958436514	rRNA	32	20
0.000285753859021821	Satellite	32	20
0.0462430795757399	Simple_repeat	32	20
0.000845978789722941	SINE	32	20
0.00800156857454333	SINE_tRNA	32	20
2.83220988393908e-05	snRNA	32	20
0.000271938201051386	tRNA	32	20
0.0133240508076532	DNA	34	20
0.109945696911617	DNA_CMC-EnSpm	34	20
0.015589127931906	DNA_hAT-Ac	34	20
0.011843472795155	DNA_hAT-Tag1	34	20
0.00848880077896732	DNA_hAT-Tip100	34	20
0.0260082063903092	DNA_PIF-Harbinger	34	20
0.0113398920621327	LINE_L1	34	20
0.0199590205479544	Low_complexity	34	20
0.00427502509798479	LTR_Caulimovirus	34	20
0.157972838453272	LTR_Copia	34	20
0.435432467212542	LTR_Gypsy	34	20
3.42237633885469	Non_repeat	34	20
0.120686449939765	RC_Helitron	34	20
0.00107186479753955	rRNA	34	20
0.000694697334946683	Satellite	34	20
0.0722561214463388	Simple_repeat	34	20
0.00107554897299833	SINE	34	20
0.0155601150501681	SINE_tRNA	34	20
0.000152432759607128	snRNA	34	20
0.000231182010038604	tRNA	34	20
0.000697690727506944	DNA_CMC-EnSpm	35	8
6.44730705286945e-06	Low_complexity	35	8
0.000332727096121298	LTR_Copia	35	8
0.00223951815700744	LTR_Gypsy	35	8
0.00478021765777035	Non_repeat	35	8
9.97029983533025e-05	RC_Helitron	35	8
7.99005552623464e-05	Simple_repeat	35	8
4.51311493700861e-05	SINE_tRNA	35	8
0.0225236671891994	DNA	36	20
0.153452355165346	DNA_CMC-EnSpm	36	20
0.0219913038354053	DNA_hAT-Ac	36	20
0.0186046255449195	DNA_hAT-Tag1	36	20
0.0132835248776066	DNA_hAT-Tip100	36	20
0.0419051932339897	DNA_PIF-Harbinger	36	20
0.0190246215472207	LINE_L1	36	20
0.0300697795726508	Low_complexity	36	20
0.00643786635325632	LTR_Caulimovirus	36	20
0.230811059622098	LTR_Copia	36	20
0.666459511620912	LTR_Gypsy	36	20
4.58037163235738	Non_repeat	36	20
0.174935703309371	RC_Helitron	36	20
0.0014499533039971	rRNA	36	20
0.00215294003372605	Satellite	36	20
0.0993203046275215	Simple_repeat	36	20
0.00265421815708665	SINE	36	20
0.0230152743519807	SINE_tRNA	36	20
0.000115130483086954	snRNA	36	20
0.000492067684713643	tRNA	36	20
0.00333049461473942	DNA	37	19
0.018328542646477	DNA_CMC-EnSpm	37	19
0.00316908167745151	DNA_hAT-Ac	37	19
0.0030428986679882	DNA_hAT-Tag1	37	19
0.00152709072766536	DNA_hAT-Tip100	37	19
0.00478873731351878	DNA_PIF-Harbinger	37	19
0.00158350466437797	LINE_L1	37	19
0.00450850971768513	Low_complexity	37	19
0.00100140494189033	LTR_Caulimovirus	37	19
0.0342757263807834	LTR_Copia	37	19
0.106196818121339	LTR_Gypsy	37	19
0.757835352393501	Non_repeat	37	19
0.0226335016700644	RC_Helitron	37	19
0.000113518656323737	rRNA	37	19
0.000262267240472082	Satellite	37	19
0.0155350166048551	Simple_repeat	37	19
0.000399272515345558	SINE	37	19
0.00356858445376324	SINE_tRNA	37	19
6.58546363257379e-05	tRNA	37	19
0.0195378732408223	DNA	38	20
0.111132692192243	DNA_CMC-EnSpm	38	20
0.0194577424245938	DNA_hAT-Ac	38	20
0.0152324536953026	DNA_hAT-Tag1	38	20
0.00784890555397003	DNA_hAT-Tip100	38	20
0.0317285795729676	DNA_PIF-Harbinger	38	20
0.0121840287641262	LINE_L1	38	20
0.0217716348736754	Low_complexity	38	20
0.00539892887387964	LTR_Caulimovirus	38	20
0.17075255233689	LTR_Copia	38	20
0.493790957784489	LTR_Gypsy	38	20
3.42396490926032	Non_repeat	38	20
0.136231828288098	RC_Helitron	38	20
0.00245204902878595	rRNA	38	20
0.00278730899553517	Satellite	38	20
0.0778609036239779	Simple_repeat	38	20
0.00215662420918483	SINE	38	20
0.0197098781825542	SINE_tRNA	38	20
0.000140459189366084	snRNA	38	20
0.000344470405396168	tRNA	38	20
0.0262971839028574	DNA	39	20
0.24662791564955	DNA_CMC-EnSpm	39	20
0.0246337786832171	DNA_hAT-Ac	39	20
0.0200865851232148	DNA_hAT-Tag1	39	20
0.0169078324851839	DNA_hAT-Tip100	39	20
0.0475254028963624	DNA_PIF-Harbinger	39	20
0.0272267474233015	LINE_L1	39	20
0.0334198463695149	Low_complexity	39	20
0.0132427686865938	LTR_Caulimovirus	39	20
0.304034277126367	LTR_Copia	39	20
0.985425982142691	LTR_Gypsy	39	20
5.44139751569786	Non_repeat	39	20
0.20365753518604	RC_Helitron	39	20
0.00322664691899498	rRNA	39	20
0.0244576290440941	Satellite	39	20
0.112802544718936	Simple_repeat	39	20
0.00399203437055706	SINE	39	20
0.0278691755189267	SINE_tRNA	39	20
8.22031649240854e-05	snRNA	39	20
0.000622855913500423	tRNA	39	20
0.000884892893006332	DNA	40	19
0.00506643203872452	DNA_CMC-EnSpm	40	19
0.000927491171748505	DNA_hAT-Ac	40	19
0.00079232798460442	DNA_hAT-Tag1	40	19
0.000320983786846429	DNA_hAT-Tip100	40	19
0.00112943003908302	DNA_PIF-Harbinger	40	19
0.000845978789722941	LINE_L1	40	19
0.00146906496418954	Low_complexity	40	19
0.000418614436504166	LTR_Caulimovirus	40	19
0.00618573059529589	LTR_Copia	40	19
0.0254394618038596	LTR_Gypsy	40	19
0.211094734132491	Non_repeat	40	19
0.00653641804677875	RC_Helitron	40	19
9.21043864695635e-06	rRNA	40	19
1.86511382600866e-05	Satellite	40	19
0.00415160522011558	Simple_repeat	40	19
6.86177679198248e-05	SINE	40	19
0.00109304880642755	SINE_tRNA	40	19
4.58219322686079e-05	tRNA	40	19
0.0271309588613732	DNA	41	20
0.167591529793255	DNA_CMC-EnSpm	41	20
0.0278040116654995	DNA_hAT-Ac	41	20
0.0222830444795477	DNA_hAT-Tag1	41	20
0.0138950980037645	DNA_hAT-Tip100	41	20
0.0561279525926197	DNA_PIF-Harbinger	41	20
0.0185226526409616	LINE_L1	41	20
0.0370043188299442	Low_complexity	41	20
0.0119832412016226	LTR_Caulimovirus	41	20
0.236232554070663	LTR_Copia	41	20
0.675733732555498	LTR_Gypsy	41	20
4.99885136619634	Non_repeat	41	20
0.221757428693106	RC_Helitron	41	20
0.00296829411494786	rRNA	41	20
0.00226185347072631	Satellite	41	20
0.118464892138119	Simple_repeat	41	20
0.00445163525904018	SINE	41	20
0.0373381972308964	SINE_tRNA	41	20
8.17426429917376e-05	snRNA	41	20
0.000689631593690857	tRNA	41	20
0.0213078892878012	DNA	43	20
0.109344485528936	DNA_CMC-EnSpm	43	20
0.0189067279325397	DNA_hAT-Ac	43	20
0.0147226559161936	DNA_hAT-Tag1	43	20
0.00975845974645026	DNA_hAT-Tip100	43	20
0.0366782693018419	DNA_PIF-Harbinger	43	20
0.0101694755710707	LINE_L1	43	20
0.0255453818482996	Low_complexity	43	20
0.00793778628691316	LTR_Caulimovirus	43	20
0.153977119907256	LTR_Copia	43	20
0.40690221245973	LTR_Gypsy	43	20
3.46319055563095	Non_repeat	43	20
0.155097109246726	RC_Helitron	43	20
0.000750881010693117	rRNA	43	20
0.000905846640928157	Satellite	43	20
0.0840894627589821	Simple_repeat	43	20
0.00286421615823725	SINE	43	20
0.0271820767958638	SINE_tRNA	43	20
0.000132400055549998	snRNA	43	20
0.000472034980656513	tRNA	43	20
0.0136570081647407	DNA	45	20
0.06220569079478	DNA_CMC-EnSpm	45	20
0.0131743811796402	DNA_hAT-Ac	45	20
0.0105567745161752	DNA_hAT-Tag1	45	20
0.00522761471504625	DNA_hAT-Tip100	45	20
0.0235080328195929	DNA_PIF-Harbinger	45	20
0.00579566851859728	LINE_L1	45	20
0.0170457588039221	Low_complexity	45	20
0.00623799983461736	LTR_Caulimovirus	45	20
0.0996608605964927	LTR_Copia	45	20
0.260272719983084	LTR_Gypsy	45	20
2.22675456139145	Non_repeat	45	20
0.103736019175839	RC_Helitron	45	20
0.0002585830650133	rRNA	45	20
0.000689401332724683	Satellite	45	20
0.0541734975117355	Simple_repeat	45	20
0.0013969932817771	SINE	45	20
0.016040669686573	SINE_tRNA	45	20
1.72695724630432e-05	snRNA	45	20
0.000510949083939904	tRNA	45	20
0.0103744078309655	DNA	47	20
0.0506290904594205	DNA_CMC-EnSpm	47	20
0.0103329608570542	DNA_hAT-Ac	47	20
0.00599069955694659	DNA_hAT-Tag1	47	20
0.00291095913437056	DNA_hAT-Tip100	47	20
0.0182583130517939	DNA_PIF-Harbinger	47	20
0.00381979916785897	LINE_L1	47	20
0.0132312556382851	Low_complexity	47	20
0.00342075691347959	LTR_Caulimovirus	47	20
0.0803046632579816	LTR_Copia	47	20
0.195002716250461	LTR_Gypsy	47	20
1.57611651101731	Non_repeat	47	20
0.0780439610920861	RC_Helitron	47	20
0.000129636923955911	rRNA	47	20
0.000504501776887034	Satellite	47	20
0.0398399826283759	Simple_repeat	47	20
0.00132146768487206	SINE	47	20
0.0124370855659513	SINE_tRNA	47	20
7.80584675329551e-05	snRNA	47	20
0.000374174070032602	tRNA	47	20
0.00015611693506591	DNA	48	18
0.00117893614681041	DNA_CMC-EnSpm	48	18
0.000149209106080693	DNA_hAT-Ac	48	18
0.00016141293728791	DNA_hAT-Tag1	48	18
6.90782898521727e-05	DNA_hAT-Tip100	48	18
0.000319602221049385	DNA_PIF-Harbinger	48	18
4.49008884039122e-05	LINE_L1	48	18
0.00019618234318017	Low_complexity	48	18
4.60521932347818e-05	LTR_Caulimovirus	48	18
0.00186718617470423	LTR_Copia	48	18
0.00520481887939504	LTR_Gypsy	48	18
0.0340558271580873	Non_repeat	48	18
0.0010545952250765	RC_Helitron	48	18
4.60521932347818e-05	rRNA	48	18
0.000781045197261899	Simple_repeat	48	18
1.2664353139565e-05	SINE	48	18
0.000197563908977214	SINE_tRNA	48	18
9.21043864695635e-07	tRNA	48	18
0.00420318367653853	DNA	49	19
0.0220295271557902	DNA_CMC-EnSpm	49	19
0.00369453720226037	DNA_hAT-Ac	49	19
0.00244951615815804	DNA_hAT-Tag1	49	19
0.00189182409808483	DNA_hAT-Tip100	49	19
0.00885422493228532	DNA_PIF-Harbinger	49	19
0.00151580794032284	LINE_L1	49	19
0.00539248156682677	Low_complexity	49	19
0.00166156313191093	LTR_Caulimovirus	49	19
0.0372366521448137	LTR_Copia	49	19
0.0889380679237061	LTR_Gypsy	49	19
0.686904382807493	Non_repeat	49	19
0.0336498770747227	RC_Helitron	49	19
0.000189504775161127	rRNA	49	19
0.000256971238250082	Satellite	49	19
0.0183147269885065	Simple_repeat	49	19
0.000388450249935384	SINE	49	19
0.0042625910058114	SINE_tRNA	49	19
0.000153584064437997	tRNA	49	19
0.000432660355440775	LTR_Gypsy	5	4
5.50323709155642e-05	Non_repeat	5	4
0.000220129483662257	RC_Helitron	5	4
7.59861188373899e-06	Simple_repeat	5	4
0.00651016829663492	DNA	50	19
0.0372884608622028	DNA_CMC-EnSpm	50	19
0.00813742254458594	DNA_hAT-Ac	50	19
0.00605379106167824	DNA_hAT-Tag1	50	19
0.0036606888402328	DNA_hAT-Tip100	50	19
0.0130166524178111	DNA_PIF-Harbinger	50	19
0.00331322504227637	LINE_L1	50	19
0.0087572850655261	Low_complexity	50	19
0.00302516857359281	LTR_Caulimovirus	50	19
0.0719268482647101	LTR_Copia	50	19
0.161149518742607	LTR_Gypsy	50	19
1.14591396112948	Non_repeat	50	19
0.0638138333825386	RC_Helitron	50	19
0.000269865852355821	rRNA	50	19
0.00021322165467704	Satellite	50	19
0.0301980349308096	Simple_repeat	50	19
0.000744663964606421	SINE	50	19
0.00742568589814238	SINE_tRNA	50	19
0.000128715880091215	tRNA	50	19
0.000138156579704345	DNA	51	15
0.0002532870627913	DNA_CMC-EnSpm	51	15
2.30260966173909e-05	DNA_hAT-Ac	51	15
2.87826207717386e-05	DNA_hAT-Tag1	51	15
3.70720155539993e-05	DNA_hAT-Tip100	51	15
9.21043864695635e-05	DNA_PIF-Harbinger	51	15
5.68744586449555e-05	Low_complexity	51	15
3.7762798452521e-05	LTR_Caulimovirus	51	15
0.00114716013347841	LTR_Copia	51	15
0.00189159383711866	LTR_Gypsy	51	15
0.00667181149488901	Non_repeat	51	15
0.000222201832357822	RC_Helitron	51	15
6.90782898521726e-07	Satellite	51	15
0.000180064075547997	Simple_repeat	51	15
2.30260966173909e-05	SINE_tRNA	51	15
0.00804485763618403	DNA	52	20
0.0504948483161412	DNA_CMC-EnSpm	52	20
0.00978586080142495	DNA_hAT-Ac	52	20
0.00850284669790393	DNA_hAT-Tag1	52	20
0.00613875735819641	DNA_hAT-Tip100	52	20
0.0189976810141783	DNA_PIF-Harbinger	52	20
0.00400009350437314	LINE_L1	52	20
0.011723046309846	Low_complexity	52	20
0.00520044392103773	LTR_Caulimovirus	52	20
0.0960538225613784	LTR_Copia	52	20
0.220130404706121	LTR_Gypsy	52	20
1.39617746717395	Non_repeat	52	20
0.0898519736984503	RC_Helitron	52	20
0.000317299611387646	rRNA	52	20
0.000725782565380161	Satellite	52	20
0.0360544923444768	Simple_repeat	52	20
0.000746506052335812	SINE	52	20
0.00818416552071924	SINE_tRNA	52	20
3.75325374863471e-05	snRNA	52	20
0.000285293337089473	tRNA	52	20
0.0148951213798578	DNA	54	20
0.0921423795289822	DNA_CMC-EnSpm	54	20
0.0133954317071671	DNA_hAT-Ac	54	20
0.0147827540283649	DNA_hAT-Tag1	54	20
0.0126183009463302	DNA_hAT-Tip100	54	20
0.0318047959527712	DNA_PIF-Harbinger	54	20
0.00683184286637987	LINE_L1	54	20
0.0182988389818405	Low_complexity	54	20
0.0138170395362316	LTR_Caulimovirus	54	20
0.173303153059198	LTR_Copia	54	20
0.410384449051178	LTR_Gypsy	54	20
2.23920408104958	Non_repeat	54	20
0.159680453778418	RC_Helitron	54	20
0.000353911105009298	rRNA	54	20
0.000747427096200508	Satellite	54	20
0.0552460530921736	Simple_repeat	54	20
0.00104952948382068	SINE	54	20
0.0114757460321753	SINE_tRNA	54	20
2.11840088879996e-05	snRNA	54	20
0.000494140033409208	tRNA	54	20
0.00049483081630773	DNA	55	17
0.00792005619251777	DNA_CMC-EnSpm	55	17
0.00083354469754955	DNA_hAT-Ac	55	17
0.00132722420902641	DNA_hAT-Tag1	55	17
0.000667066019005814	DNA_hAT-Tip100	55	17
0.00166340521964032	DNA_PIF-Harbinger	55	17
0.000402265907905819	LINE_L1	55	17
0.000901932204503201	Low_complexity	55	17
0.002373990561253	LTR_Caulimovirus	55	17
0.0206311523082161	LTR_Copia	55	17
0.0481070420969177	LTR_Gypsy	55	17
0.144118957162452	Non_repeat	55	17
0.00977849245050738	RC_Helitron	55	17
0.000120887007241302	Satellite	55	17
0.00335236940652594	Simple_repeat	55	17
0.000294273514770255	SINE_tRNA	55	17
2.30260966173909e-06	tRNA	55	17
6.33217656978249e-05	DNA	56	15
0.00121462659656737	DNA_CMC-EnSpm	56	15
9.25649084019113e-05	DNA_hAT-Ac	56	15
0.00011075552472965	DNA_hAT-Tag1	56	15
0.000138156579704345	DNA_hAT-Tip100	56	15
0.000347694058922602	DNA_PIF-Harbinger	56	15
3.38483620275646e-05	LINE_L1	56	15
0.00020262965023304	Low_complexity	56	15
0.000396048861819123	LTR_Caulimovirus	56	15
0.00401390916234358	LTR_Copia	56	15
0.00802505519309307	LTR_Gypsy	56	15
0.020915754862407	Non_repeat	56	15
0.00165718817355362	RC_Helitron	56	15
0.000451541754667035	Simple_repeat	56	15
4.49008884039122e-05	SINE_tRNA	56	15
2.76313159408691e-05	DNA	58	14
0.0004800941144726	DNA_CMC-EnSpm	58	14
9.23346474357374e-05	DNA_hAT-Ac	58	14
6.28612437654771e-05	DNA_hAT-Tag1	58	14
6.3091504731651e-05	DNA_hAT-Tip100	58	14
0.000147827540283649	DNA_PIF-Harbinger	58	14
6.3091504731651e-05	Low_complexity	58	14
6.58546363257379e-05	LTR_Caulimovirus	58	14
0.00131018489752954	LTR_Copia	58	14
0.00307052998392907	LTR_Gypsy	58	14
0.00814087645907855	Non_repeat	58	14
0.00052960022219999	RC_Helitron	58	14
0.000250063409264865	Simple_repeat	58	14
2.30260966173909e-05	SINE_tRNA	58	14
0.000504962298819382	DNA	6	18
0.00922978056811496	DNA_CMC-EnSpm	6	18
8.22031649240854e-05	DNA_hAT-Ac	6	18
0.000307168128875994	DNA_hAT-Tag1	6	18
5.77955025096511e-05	DNA_hAT-Tip100	6	18
0.000978378845272939	DNA_PIF-Harbinger	6	18
0.000379239811288428	LINE_L1	6	18
0.000542264575339555	Low_complexity	6	18
0.0033192118273969	LTR_Caulimovirus	6	18
0.00737180483205769	LTR_Copia	6	18
0.0524997305486174	LTR_Gypsy	6	18
0.107573087916161	Non_repeat	6	18
0.00290727495891177	RC_Helitron	6	18
0.000120426485308954	rRNA	6	18
0.00131778350941328	Satellite	6	18
0.00193488289875936	Simple_repeat	6	18
0.000192498167721388	SINE	6	18
0.000376476679694341	SINE_tRNA	6	18
0.0458210112247432	DNA	63	20
0.274909258297928	DNA_CMC-EnSpm	63	20
0.0408680978423424	DNA_hAT-Ac	63	20
0.0403953720787873	DNA_hAT-Tag1	63	20
0.0301918178847229	DNA_hAT-Tip100	63	20
0.0814960334969654	DNA_PIF-Harbinger	63	20
0.0248914407043657	LINE_L1	63	20
0.044597404450495	Low_complexity	63	20
0.0346738475912981	LTR_Caulimovirus	63	20
0.542203556183519	LTR_Copia	63	20
1.20717857535551	LTR_Gypsy	63	20
5.54631684597886	Non_repeat	63	20
0.49027809648454	RC_Helitron	63	20
0.00173294403142484	rRNA	63	20
0.00323954153310072	Satellite	63	20
0.127012179202494	Simple_repeat	63	20
0.00215040716309813	SINE	63	20
0.0257767941193044	SINE_tRNA	63	20
9.55583009621722e-05	snRNA	63	20
0.00105436496411033	tRNA	63	20
0.00229915574724648	DNA	7	19
0.0198857975607111	DNA_CMC-EnSpm	7	19
0.00330700799618968	DNA_hAT-Ac	7	19
0.00180962093316075	DNA_hAT-Tag1	7	19
0.00110824603019502	DNA_hAT-Tip100	7	19
0.00534688989552434	DNA_PIF-Harbinger	7	19
0.0102945072757031	LINE_L1	7	19
0.00364664292129619	Low_complexity	7	19
0.00110778550826268	LTR_Caulimovirus	7	19
0.0381284528668052	LTR_Copia	7	19
0.263921204992109	LTR_Gypsy	7	19
0.625635623884075	Non_repeat	7	19
0.0236846429806483	RC_Helitron	7	19
1.38156579704345e-05	rRNA	7	19
0.000397660688582341	Satellite	7	19
0.0123484350939744	Simple_repeat	7	19
0.000319371960083212	SINE	7	19
0.00244053598047726	SINE_tRNA	7	19
6.17099389346076e-05	tRNA	7	19
8.42755136196506e-05	DNA	8	14
0.00596491032873511	DNA_CMC-EnSpm	8	14
0.000314766740759733	DNA_hAT-Ac	8	14
6.93085508183466e-05	DNA_hAT-Tag1	8	14
6.88480288859987e-05	DNA_hAT-Tip100	8	14
0.000401575125007297	DNA_PIF-Harbinger	8	14
0.00267977712433195	LINE_L1	8	14
0.000227497834579822	Low_complexity	8	14
0.000750881010693117	LTR_Copia	8	14
0.0533659723033636	LTR_Gypsy	8	14
0.0472233005087423	Non_repeat	8	14
0.0029114196563029	RC_Helitron	8	14
0.00106725957821607	Simple_repeat	8	14
0.000120887007241302	SINE_tRNA	8	14
0.0050109391458766	DNA	9	19
0.0852032350523653	DNA_CMC-EnSpm	9	19
0.00841649883558872	DNA_hAT-Ac	9	19
0.00443160255498305	DNA_hAT-Tag1	9	19
0.00555942076730285	DNA_hAT-Tip100	9	19
0.0151058101639069	DNA_PIF-Harbinger	9	19
0.0150148570822682	LINE_L1	9	19
0.00896751332764288	Low_complexity	9	19
0.00166824069992997	LTR_Caulimovirus	9	19
0.126600012073043	LTR_Copia	9	19
0.359893975693394	LTR_Gypsy	9	19
1.57864132251141	Non_repeat	9	19
0.059863476246859	RC_Helitron	9	19
0.000452002276599383	rRNA	9	19
0.00179833814581823	Satellite	9	19
0.0317962762970227	Simple_repeat	9	19
0.000659467407122075	SINE	9	19
0.00440328045614366	SINE_tRNA	9	19
7.46045530403465e-05	tRNA	9	19
