0.344415316397304	DNA	0	18
1.5209141681848	DNA_CMC-EnSpm	0	18
0.5367818392363	DNA_hAT-Ac	0	18
0.2931705331453	DNA_hAT-Tag1	0	18
0.297374736534973	DNA_hAT-Tip100	0	18
0.727075321694213	DNA_PIF-Harbinger	0	18
0.165668862604115	LINE_L1	0	18
0.500668313345285	Low_complexity	0	18
0.0888113748306936	LTR_Caulimovirus	0	18
2.54230310136528	LTR_Copia	0	18
4.75590336996932	LTR_Gypsy	0	18
83.0956731384921	Non_repeat	0	18
3.02640646587107	RC_Helitron	0	18
0.00154993673351996	Satellite	0	18
1.6552161861443	Simple_repeat	0	18
0.0562627034267745	SINE	0	18
0.380063861268263	SINE_tRNA	0	18
0.0117407707564137	tRNA	0	18
0.305592210539924	DNA	1	19
1.70390497766805	DNA_CMC-EnSpm	1	19
0.524379111861553	DNA_hAT-Ac	1	19
0.310243058018928	DNA_hAT-Tag1	1	19
0.233046872659796	DNA_hAT-Tip100	1	19
0.818880233582902	DNA_PIF-Harbinger	1	19
0.431937606122092	LINE_L1	1	19
0.554877635414548	Low_complexity	1	19
0.116200241844069	LTR_Caulimovirus	1	19
2.57854020145264	LTR_Copia	1	19
8.85479581203009	LTR_Gypsy	1	19
78.148205955292	Non_repeat	1	19
3.26413029940422	RC_Helitron	1	19
0.0186664522547151	rRNA	1	19
0.00821386961546162	Satellite	1	19
1.66761260174714	Simple_repeat	1	19
0.0402022409202056	SINE	1	19
0.413554934391519	SINE_tRNA	1	19
0.00701568518019275	tRNA	1	19
1.91454197693636	DNA_CMC-EnSpm	10	10
1.80683738463538	DNA_PIF-Harbinger	10	10
0.198696403038012	Low_complexity	10	10
4.17262446379826	LTR_Caulimovirus	10	10
1.60071307868006	LTR_Copia	10	10
56.9163061038792	LTR_Gypsy	10	10
30.7292343689068	Non_repeat	10	10
1.63785259326661	RC_Helitron	10	10
0.20055337876734	Satellite	10	10
0.822640248091957	Simple_repeat	10	10
0.284828185201022	DNA	11	18
4.10561844703334	DNA_CMC-EnSpm	11	18
0.410570899084172	DNA_hAT-Ac	11	18
0.260811440029101	DNA_hAT-Tag1	11	18
0.0658027127377709	DNA_hAT-Tip100	11	18
0.341825512574158	DNA_PIF-Harbinger	11	18
0.245056817371554	LINE_L1	11	18
0.39137561170831	Low_complexity	11	18
0.201301521973511	LTR_Caulimovirus	11	18
3.94383929741626	LTR_Copia	11	18
17.5122590657554	LTR_Gypsy	11	18
68.1654986892652	Non_repeat	11	18
2.48449946590471	RC_Helitron	11	18
0.140456082744365	Satellite	11	18
1.23395365650984	Simple_repeat	11	18
0.0191047435674849	SINE	11	18
0.191794422093957	SINE_tRNA	11	18
0.00140342902983894	tRNA	11	18
1.15789473684211	DNA_hAT-Ac	12	5
25.0855263157895	LTR_Copia	12	5
5.26315789473684	LTR_Gypsy	12	5
67.7697368421053	Non_repeat	12	5
0.723684210526316	Simple_repeat	12	5
0.406918103804626	DNA	13	18
3.33901023495759	DNA_CMC-EnSpm	13	18
0.494276250158457	DNA_hAT-Ac	13	18
0.36701444578559	DNA_hAT-Tag1	13	18
0.0906099637890838	DNA_hAT-Tip100	13	18
0.755193262675198	DNA_PIF-Harbinger	13	18
0.347668887823322	LINE_L1	13	18
0.423011844331641	Low_complexity	13	18
0.27072758037225	LTR_Caulimovirus	13	18
6.47326620259374	LTR_Copia	13	18
12.6519949073232	LTR_Gypsy	13	18
69.76184570953	Non_repeat	13	18
2.7527461322663	RC_Helitron	13	18
0.0787050050430728	Satellite	13	18
1.52818884791966	Simple_repeat	13	18
0.0257389617332738	SINE	13	18
0.211147671092445	SINE_tRNA	13	18
0.0219359888005203	tRNA	13	18
0.318725011327644	DNA	14	17
3.20824364460998	DNA_CMC-EnSpm	14	17
0.199743203136511	DNA_hAT-Ac	14	17
0.269869352656983	DNA_hAT-Tag1	14	17
0.177586441834624	DNA_hAT-Tip100	14	17
0.814759504973639	DNA_PIF-Harbinger	14	17
0.0768285698142931	LINE_L1	14	17
0.429619601643589	Low_complexity	14	17
0.171604116283115	LTR_Caulimovirus	14	17
3.66699938736555	LTR_Copia	14	17
8.41491637484366	LTR_Gypsy	14	17
78.43953253665	Non_repeat	14	17
2.04335191916327	RC_Helitron	14	17
0.013127881071368	Satellite	14	17
1.48372752058086	Simple_repeat	14	17
0.0193317742358964	SINE	14	17
0.252033159808964	SINE_tRNA	14	17
0.268716765355564	DNA	15	13
0.322818805988887	DNA_CMC-EnSpm	15	13
0.305183334180235	DNA_hAT-Ac	15	13
0.195783627706223	DNA_hAT-Tag1	15	13
0.380507722244308	DNA_PIF-Harbinger	15	13
0.349122560550944	Low_complexity	15	13
1.33102976210047	LTR_Copia	15	13
3.41440668593616	LTR_Gypsy	15	13
89.5308067779993	Non_repeat	15	13
1.7728132762223	RC_Helitron	15	13
1.66102231933356	Simple_repeat	15	13
0.204153004157787	SINE	15	13
0.263635358224257	SINE_tRNA	15	13
0.250234119488776	DNA	16	19
3.59753077585087	DNA_CMC-EnSpm	16	19
0.304133389326519	DNA_hAT-Ac	16	19
0.316602723776129	DNA_hAT-Tag1	16	19
0.309513900415887	DNA_hAT-Tip100	16	19
0.525810446208475	DNA_PIF-Harbinger	16	19
0.394525975627899	LINE_L1	16	19
0.399529850941011	Low_complexity	16	19
0.125957764602102	LTR_Caulimovirus	16	19
4.46221926174545	LTR_Copia	16	19
10.9024220101643	LTR_Gypsy	16	19
73.8801878551642	Non_repeat	16	19
2.81104801864024	RC_Helitron	16	19
0.114080286372322	rRNA	16	19
0.00938899185094693	Satellite	16	19
1.33758160553913	Simple_repeat	16	19
0.0319198820376749	SINE	16	19
0.223506430652341	SINE_tRNA	16	19
0.00380671159572777	tRNA	16	19
0.0498594419707465	DNA	17	18
3.36090306055692	DNA_CMC-EnSpm	17	18
0.786748292091083	DNA_hAT-Ac	17	18
0.104476842618622	DNA_hAT-Tag1	17	18
0.0258714003068883	DNA_hAT-Tip100	17	18
0.345546748926486	DNA_PIF-Harbinger	17	18
0.159788112240245	LINE_L1	17	18
0.380339321752991	Low_complexity	17	18
0.356153031810919	LTR_Caulimovirus	17	18
1.27245657371466	LTR_Copia	17	18
8.68654568235075	LTR_Gypsy	17	18
80.6409565082927	Non_repeat	17	18
2.14742534961084	RC_Helitron	17	18
0.0576902489601878	Satellite	17	18
1.47942777616976	Simple_repeat	17	18
0.0218073106035074	SINE	17	18
0.116966484146085	SINE_tRNA	17	18
0.00703781387658648	tRNA	17	18
0.372428163884688	DNA	18	20
3.13615569070956	DNA_CMC-EnSpm	18	20
0.235718300625979	DNA_hAT-Ac	18	20
0.305883226613505	DNA_hAT-Tag1	18	20
0.114733854588429	DNA_hAT-Tip100	18	20
0.61234844498205	DNA_PIF-Harbinger	18	20
0.341303244825191	LINE_L1	18	20
0.416461660070954	Low_complexity	18	20
0.131437017958054	LTR_Caulimovirus	18	20
4.119512239694	LTR_Copia	18	20
10.7959936153177	LTR_Gypsy	18	20
75.4769626129661	Non_repeat	18	20
2.20464296726401	RC_Helitron	18	20
0.0491899431359136	rRNA	18	20
0.0262478281522681	Satellite	18	20
1.37709725093867	Simple_repeat	18	20
0.0387373712154095	SINE	18	20
0.235578622604769	SINE_tRNA	18	20
0.00207189064793957	snRNA	18	20
0.00749605380490496	tRNA	18	20
0.18604645404146	DNA	19	20
2.07881531164793	DNA_CMC-EnSpm	19	20
0.252924954213196	DNA_hAT-Ac	19	20
0.179928133985638	DNA_hAT-Tag1	19	20
0.147788897941985	DNA_hAT-Tip100	19	20
0.357225287171554	DNA_PIF-Harbinger	19	20
0.420306920934281	LINE_L1	19	20
0.43321420321056	Low_complexity	19	20
0.194795754897003	LTR_Caulimovirus	19	20
3.81695472123314	LTR_Copia	19	20
10.1654288503862	LTR_Gypsy	19	20
77.9920106914806	Non_repeat	19	20
2.0736358906226	RC_Helitron	19	20
0.0931057675948389	rRNA	19	20
0.0172716151322873	Satellite	19	20
1.33338106929869	Simple_repeat	19	20
0.0239161313480537	SINE	19	20
0.22646038263953	SINE_tRNA	19	20
0.00181589263039579	snRNA	19	20
0.00497306959006121	tRNA	19	20
0.300646906802108	DNA	2	19
3.1924071874691	DNA_CMC-EnSpm	2	19
0.429174853926182	DNA_hAT-Ac	2	19
0.246234836749148	DNA_hAT-Tag1	2	19
0.166541094987828	DNA_hAT-Tip100	2	19
0.611752309898353	DNA_PIF-Harbinger	2	19
1.35412426617961	LINE_L1	2	19
0.376157250045773	Low_complexity	2	19
0.326876815507803	LTR_Caulimovirus	2	19
3.04824727455073	LTR_Copia	2	19
22.8398638275893	LTR_Gypsy	2	19
62.6866789296022	Non_repeat	2	19
2.66829707651561	RC_Helitron	2	19
0.0266064145722831	rRNA	2	19
0.0233991423754146	Satellite	2	19
1.38545792107684	Simple_repeat	2	19
0.0277638214955008	SINE	2	19
0.281194103695015	SINE_tRNA	2	19
0.00857596696119187	tRNA	2	19
0.128573882875843	DNA	20	18
1.59442698721466	DNA_CMC-EnSpm	20	18
0.441594860269108	DNA_hAT-Ac	20	18
0.165805896765047	DNA_hAT-Tag1	20	18
0.46643299673376	DNA_hAT-Tip100	20	18
0.484872668023947	DNA_PIF-Harbinger	20	18
0.240874503930018	LINE_L1	20	18
0.349144595740436	Low_complexity	20	18
0.0257450055444968	LTR_Caulimovirus	20	18
3.12537313884014	LTR_Copia	20	18
10.0834772987998	LTR_Gypsy	20	18
79.2183896927276	Non_repeat	20	18
2.0792996552386	RC_Helitron	20	18
0.0134015097354915	Satellite	20	18
1.34065478970462	Simple_repeat	20	18
0.0415648328262424	SINE	20	18
0.191802810387278	SINE_tRNA	20	18
0.00856487464298328	tRNA	20	18
0.2851124694037	DNA	21	20
2.197171259875	DNA_CMC-EnSpm	21	20
0.1946128199489	DNA_hAT-Ac	21	20
0.182358277252234	DNA_hAT-Tag1	21	20
0.165931849075782	DNA_hAT-Tip100	21	20
0.437988631345019	DNA_PIF-Harbinger	21	20
0.361363616672207	LINE_L1	21	20
0.438362498749325	Low_complexity	21	20
0.129459006744687	LTR_Caulimovirus	21	20
3.27809313855989	LTR_Copia	21	20
8.39803514282388	LTR_Gypsy	21	20
79.7420955825845	Non_repeat	21	20
2.27717888439628	RC_Helitron	21	20
0.154122386622336	rRNA	21	20
0.0571186312132757	Satellite	21	20
1.43635702651741	Simple_repeat	21	20
0.0362414006046207	SINE	21	20
0.223264118805803	SINE_tRNA	21	20
0.000403539420519766	snRNA	21	20
0.00472971938462137	tRNA	21	20
0.957627967544826	DNA	22	11
3.56005208855054	DNA_CMC-EnSpm	22	11
0.294500651106882	DNA_hAT-Tag1	22	11
0.304517680056095	DNA_PIF-Harbinger	22	11
0.240408694781128	Low_complexity	22	11
9.87578884102975	LTR_Copia	22	11
26.432935991185	LTR_Gypsy	22	11
53.4698988280076	Non_repeat	22	11
3.63417810277472	RC_Helitron	22	11
1.05980166282681	Simple_repeat	22	11
0.170289492136632	SINE_tRNA	22	11
0.288881657181105	DNA	23	19
2.1557457469209	DNA_CMC-EnSpm	23	19
0.234930652723662	DNA_hAT-Ac	23	19
0.24925810198773	DNA_hAT-Tag1	23	19
0.182776952844719	DNA_hAT-Tip100	23	19
0.511938627529786	DNA_PIF-Harbinger	23	19
0.185836194680463	LINE_L1	23	19
0.4348011193256	Low_complexity	23	19
0.178717083991867	LTR_Caulimovirus	23	19
3.21394387132523	LTR_Copia	23	19
8.23470783794329	LTR_Gypsy	23	19
80.0330551080352	Non_repeat	23	19
2.29004009008957	RC_Helitron	23	19
0.0584888798471297	rRNA	23	19
0.0116952266012295	Satellite	23	19
1.44459948852026	Simple_repeat	23	19
0.040898239291602	SINE	23	19
0.238314939004454	SINE_tRNA	23	19
0.0113701821561817	tRNA	23	19
6.86138154844692	LTR_Copia	24	5
32.9160871580899	LTR_Gypsy	24	5
56.5252665739453	Non_repeat	24	5
2.74687065368567	RC_Helitron	24	5
0.950394065832174	Simple_repeat	24	5
0.214346943301845	DNA	25	20
1.47139110782936	DNA_CMC-EnSpm	25	20
0.229132969034976	DNA_hAT-Ac	25	20
0.203716335441872	DNA_hAT-Tag1	25	20
0.101384127332493	DNA_hAT-Tip100	25	20
0.512972216089395	DNA_PIF-Harbinger	25	20
0.187397242920585	LINE_L1	25	20
0.473021705905948	Low_complexity	25	20
0.0882925438389021	LTR_Caulimovirus	25	20
2.91832374880822	LTR_Copia	25	20
7.50350462093562	LTR_Gypsy	25	20
82.3894802570751	Non_repeat	25	20
1.94311172415852	RC_Helitron	25	20
0.0230565176166016	rRNA	25	20
0.0111954219398197	Satellite	25	20
1.44951464820101	Simple_repeat	25	20
0.0273329670782985	SINE	25	20
0.240136757626276	SINE_tRNA	25	20
0.000474040388442815	snRNA	25	20
0.0122141044766861	tRNA	25	20
0.195284653849444	DNA	27	20
1.75548237719839	DNA_CMC-EnSpm	27	20
0.229155419078252	DNA_hAT-Ac	27	20
0.123006016235597	DNA_hAT-Tag1	27	20
0.139626321964152	DNA_hAT-Tip100	27	20
0.425227765142319	DNA_PIF-Harbinger	27	20
0.211652898069319	LINE_L1	27	20
0.464108252856133	Low_complexity	27	20
0.0380140262777274	LTR_Caulimovirus	27	20
3.11730769321657	LTR_Copia	27	20
7.97117739663627	LTR_Gypsy	27	20
81.4221058258189	Non_repeat	27	20
2.05798769530238	RC_Helitron	27	20
0.00519876861651472	rRNA	27	20
0.018715567019453	Satellite	27	20
1.52533446592971	Simple_repeat	27	20
0.0369900263987169	SINE	27	20
0.251273816464878	SINE_tRNA	27	20
0.00754609141609258	snRNA	27	20
0.004804922509203	tRNA	27	20
0.363625426710979	DNA	28	16
2.42416951140653	DNA_CMC-EnSpm	28	16
0.233995518594824	DNA_hAT-Ac	28	16
0.117599290193543	DNA_hAT-Tag1	28	16
0.19369294855407	DNA_hAT-Tip100	28	16
0.174143194429824	DNA_PIF-Harbinger	28	16
0.0150382724032663	LINE_L1	28	16
0.427086936252763	Low_complexity	28	16
0.0574462005804773	LTR_Caulimovirus	28	16
2.51966254116727	LTR_Copia	28	16
10.4934057175512	LTR_Gypsy	28	16
79.3004195678	Non_repeat	28	16
1.78158413161496	RC_Helitron	28	16
1.71000195497541	Simple_repeat	28	16
0.181662330631457	SINE_tRNA	28	16
0.00646645713340451	tRNA	28	16
0.283271311374687	DNA	29	18
1.64896182760891	DNA_CMC-EnSpm	29	18
0.231046315638887	DNA_hAT-Ac	29	18
0.246406608502358	DNA_hAT-Tag1	29	18
0.217290829492496	DNA_hAT-Tip100	29	18
0.489878713293485	DNA_PIF-Harbinger	29	18
0.191017850952888	LINE_L1	29	18
0.444164647666978	Low_complexity	29	18
0.022329739177642	LTR_Caulimovirus	29	18
2.05410674624063	LTR_Copia	29	18
8.81075568972759	LTR_Gypsy	29	18
81.5223471627934	Non_repeat	29	18
2.11848242140574	RC_Helitron	29	18
0.0301245146605971	Satellite	29	18
1.44336316134085	Simple_repeat	29	18
0.0147642217971268	SINE	29	18
0.227011373035946	SINE_tRNA	29	18
0.00467686528977307	tRNA	29	18
0.305673537093347	DNA	3	19
4.05470246912149	DNA_CMC-EnSpm	3	19
0.362474672518197	DNA_hAT-Ac	3	19
0.265318053747888	DNA_hAT-Tag1	3	19
0.220030233549094	DNA_hAT-Tip100	3	19
0.560334301019476	DNA_PIF-Harbinger	3	19
1.04631215197359	LINE_L1	3	19
0.382593534136663	Low_complexity	3	19
0.173265882758761	LTR_Caulimovirus	3	19
4.72376558419159	LTR_Copia	3	19
21.9892635391514	LTR_Gypsy	3	19
61.605213403057	Non_repeat	3	19
2.26944563613648	RC_Helitron	3	19
0.0142353854270235	rRNA	3	19
0.500072830097889	Satellite	3	19
1.27096673439987	Simple_repeat	3	19
0.0306130989822628	SINE	3	19
0.221792105942066	SINE_tRNA	3	19
0.00392684669590499	tRNA	3	19
0.308035559406038	DNA	30	19
1.85148915413789	DNA_CMC-EnSpm	30	19
0.288228731952532	DNA_hAT-Ac	30	19
0.173423771150838	DNA_hAT-Tag1	30	19
0.159311579364354	DNA_hAT-Tip100	30	19
0.446918324411507	DNA_PIF-Harbinger	30	19
0.219823994292095	LINE_L1	30	19
0.442522950280164	Low_complexity	30	19
0.134680897911354	LTR_Caulimovirus	30	19
3.28867974156859	LTR_Copia	30	19
8.77099672295832	LTR_Gypsy	30	19
79.9968596572244	Non_repeat	30	19
2.13164587825173	RC_Helitron	30	19
0.0215898565822594	rRNA	30	19
0.00769881569546637	Satellite	30	19
1.53097239083059	Simple_repeat	30	19
0.0239257629602375	SINE	30	19
0.192166309899585	SINE_tRNA	30	19
0.0110299011220506	tRNA	30	19
0.212359311955829	DNA_CMC-EnSpm	31	11
0.789976640475685	DNA_hAT-Tag1	31	11
0.838819282225526	DNA_hAT-Tip100	31	11
0.566999362922064	LINE_L1	31	11
0.675302612019537	Low_complexity	31	11
4.23869186663835	LTR_Copia	31	11
19.7855170949246	LTR_Gypsy	31	11
67.2839244000849	Non_repeat	31	11
4.23656827351879	RC_Helitron	31	11
1.18071777447441	Simple_repeat	31	11
0.191123380760246	SINE_tRNA	31	11
0.363852592075525	DNA	32	20
2.07432316318194	DNA_CMC-EnSpm	32	20
0.288301432398441	DNA_hAT-Ac	32	20
0.210357032256959	DNA_hAT-Tag1	32	20
0.174034205409348	DNA_hAT-Tip100	32	20
0.522526836109692	DNA_PIF-Harbinger	32	20
0.252146692673747	LINE_L1	32	20
0.478744142664026	Low_complexity	32	20
0.0533796677493879	LTR_Caulimovirus	32	20
2.90905982388792	LTR_Copia	32	20
9.07918592364794	LTR_Gypsy	32	20
79.2558799076737	Non_repeat	32	20
2.38825387975095	RC_Helitron	32	20
0.0145675506528544	rRNA	32	20
0.00993314854955621	Satellite	32	20
1.6074651813528	Simple_repeat	32	20
0.029407242361861	SINE	32	20
0.278144167684995	SINE_tRNA	32	20
0.000984510291374225	snRNA	32	20
0.00945289962693463	tRNA	32	20
0.299532420909905	DNA	34	20
2.47164328926508	DNA_CMC-EnSpm	34	20
0.350452673644558	DNA_hAT-Ac	34	20
0.266248165030691	DNA_hAT-Tag1	34	20
0.190833184641226	DNA_hAT-Tip100	34	20
0.584679624543241	DNA_PIF-Harbinger	34	20
0.254927376911276	LINE_L1	34	20
0.448690404293969	Low_complexity	34	20
0.0961050536008518	LTR_Caulimovirus	34	20
3.55132139789941	LTR_Copia	34	20
9.7887754204622	LTR_Gypsy	34	20
76.937012988055	Non_repeat	34	20
2.71310167180657	RC_Helitron	34	20
0.0240961448083575	rRNA	34	20
0.0156172006201535	Satellite	34	20
1.62435968571587	Simple_repeat	34	20
0.0241789672180103	SINE	34	20
0.349800447168542	SINE_tRNA	34	20
0.00342677719938403	snRNA	34	20
0.00519710620571233	tRNA	34	20
8.42485750034756	DNA_CMC-EnSpm	35	8
0.0778534686500765	Low_complexity	35	8
4.01779507854859	LTR_Copia	35	8
27.0429584318087	LTR_Gypsy	35	8
57.7227860419853	Non_repeat	35	8
1.20394828305297	RC_Helitron	35	8
0.964826915056305	Simple_repeat	35	8
0.544974280550535	SINE_tRNA	35	8
0.368692198438706	DNA	36	20
2.51187720482028	DNA_CMC-EnSpm	36	20
0.359977888569456	DNA_hAT-Ac	36	20
0.304541007273207	DNA_hAT-Tag1	36	20
0.21743936939756	DNA_hAT-Tip100	36	20
0.685950368989962	DNA_PIF-Harbinger	36	20
0.311415964540297	LINE_L1	36	20
0.492215279336223	Low_complexity	36	20
0.105382088942197	LTR_Caulimovirus	36	20
3.77816970394791	LTR_Copia	36	20
10.9093435116875	LTR_Gypsy	36	20
74.9765689847309	Non_repeat	36	20
2.86354031502833	RC_Helitron	36	20
0.0237344330651673	rRNA	36	20
0.0352416943241725	Satellite	36	20
1.62578416539036	Simple_repeat	36	20
0.0434471668956937	SINE	36	20
0.376739366073156	SINE_tRNA	36	20
0.00188458258418035	snRNA	36	20
0.0080547059647868	tRNA	36	20
0.339096854539078	DNA	37	19
1.86613457718861	DNA_CMC-EnSpm	37	19
0.322662472968842	DNA_hAT-Ac	37	19
0.309815053424634	DNA_hAT-Tag1	37	19
0.155481909520407	DNA_hAT-Tip100	37	19
0.487568949381167	DNA_PIF-Harbinger	37	19
0.161225737601302	LINE_L1	37	19
0.459037362546677	Low_complexity	37	19
0.101958809484959	LTR_Caulimovirus	37	19
3.48980927677468	LTR_Copia	37	19
10.8125101982254	LTR_Gypsy	37	19
77.1595855816317	Non_repeat	37	19
2.30444727025157	RC_Helitron	37	19
0.0115579887505369	rRNA	37	19
0.0267029395271024	Satellite	37	19
1.58170958830116	Simple_repeat	37	19
0.0406522362949918	SINE	37	19
0.363338153460082	SINE_tRNA	37	19
0.0067050401270863	tRNA	37	19
0.427105437624893	DNA	38	20
2.42940347437747	DNA_CMC-EnSpm	38	20
0.425353747105117	DNA_hAT-Ac	38	20
0.332987307341098	DNA_hAT-Tag1	38	20
0.17158009984938	DNA_hAT-Tip100	38	20
0.693598975522793	DNA_PIF-Harbinger	38	20
0.266347563687919	LINE_L1	38	20
0.475936327660356	Low_complexity	38	20
0.118022665566592	LTR_Caulimovirus	38	20
3.7327165906183	LTR_Copia	38	20
10.7944606109484	LTR_Gypsy	38	20
74.8491922819106	Non_repeat	38	20
2.97808026094954	RC_Helitron	38	20
0.0536027366238169	rRNA	38	20
0.0609316486835668	Satellite	38	20
1.70206935556866	Simple_repeat	38	20
0.047144636230507	SINE	38	20
0.430865531930273	SINE_tRNA	38	20
0.00307049200305459	snRNA	38	20
0.00753025579765518	tRNA	38	20
0.347683706403416	DNA	39	20
3.26074868443489	DNA_CMC-EnSpm	39	20
0.325691279603963	DNA_hAT-Ac	39	20
0.26557133989804	DNA_hAT-Tag1	39	20
0.223544007123062	DNA_hAT-Tip100	39	20
0.628348962701191	DNA_PIF-Harbinger	39	20
0.359973771047573	LINE_L1	39	20
0.441854766506886	Low_complexity	39	20
0.175086994752231	LTR_Caulimovirus	39	20
4.01973704619728	LTR_Copia	39	20
13.028640599816	LTR_Gypsy	39	20
71.9425039297307	Non_repeat	39	20
2.69262316953917	RC_Helitron	39	20
0.0426605587957819	rRNA	39	20
0.323362347363988	Satellite	39	20
1.49139949678624	Simple_repeat	39	20
0.0527799977051645	SINE	39	20
0.368467523922777	SINE_tRNA	39	20
0.00108683504532178	snRNA	39	20
0.00823498262631771	tRNA	39	20
0.332044210351692	DNA	40	19
1.90111078854236	DNA_CMC-EnSpm	40	19
0.348028644105286	DNA_hAT-Ac	40	19
0.297310467816855	DNA_hAT-Tag1	40	19
0.120444868391949	DNA_hAT-Tip100	40	19
0.423803500331785	DNA_PIF-Harbinger	40	19
0.317442214111922	LINE_L1	40	19
0.55124695863747	Low_complexity	40	19
0.157079462508295	LTR_Caulimovirus	40	19
2.32111258571113	LTR_Copia	40	19
9.54581743530192	LTR_Gypsy	40	19
79.210472655386	Non_repeat	40	19
2.45270335655828	RC_Helitron	40	19
0.00345609378456094	rRNA	40	19
0.0069985899137359	Satellite	40	19
1.55783427339084	Simple_repeat	40	19
0.025747898694979	SINE	40	19
0.410151929882769	SINE_tRNA	40	19
0.0171940665781907	tRNA	40	19
0.406080702417911	DNA	41	20
2.50841433527914	DNA_CMC-EnSpm	41	20
0.416154572525506	DNA_hAT-Ac	41	20
0.333519887759924	DNA_hAT-Tag1	41	20
0.207973893822374	DNA_hAT-Tip100	41	20
0.840091149396872	DNA_PIF-Harbinger	41	20
0.277236489632271	LINE_L1	41	20
0.553859517451627	Low_complexity	41	20
0.179358312740144	LTR_Caulimovirus	41	20
3.53579399759323	LTR_Copia	41	20
10.1139967137057	LTR_Gypsy	41	20
74.8199532659277	Non_repeat	41	20
3.3191385851937	RC_Helitron	41	20
0.0444277316308596	rRNA	41	20
0.0338541313947664	Satellite	41	20
1.77311487062108	Simple_repeat	41	20
0.0666295349949119	SINE	41	20
0.558856818736613	SINE_tRNA	41	20
0.00122347721115159	snRNA	41	20
0.0103220119645043	tRNA	41	20
0.468311944398926	DNA	43	20
2.4032098128402	DNA_CMC-EnSpm	43	20
0.415538413998528	DNA_hAT-Ac	43	20
0.323579474517743	DNA_hAT-Tag1	43	20
0.21447470448493	DNA_hAT-Tip100	43	20
0.806127316597559	DNA_PIF-Harbinger	43	20
0.223508148267507	LINE_L1	43	20
0.561444978533805	Low_complexity	43	20
0.174459331942166	LTR_Caulimovirus	43	20
3.38416083558292	LTR_Copia	43	20
8.94303343345864	LTR_Gypsy	43	20
76.1151647178888	Non_repeat	43	20
3.40877633729634	RC_Helitron	43	20
0.0165031149439679	rRNA	43	20
0.0199090015914043	Satellite	43	20
1.84814644361162	Simple_repeat	43	20
0.0629507043201521	SINE	43	20
0.597416809573892	SINE_tRNA	43	20
0.00290993287113815	snRNA	43	20
0.0103745432797099	tRNA	43	20
0.467558373454042	DNA	45	20
2.12966055645209	DNA_CMC-EnSpm	45	20
0.451035260527947	DNA_hAT-Ac	45	20
0.361419445764656	DNA_hAT-Tag1	45	20
0.178971485095971	DNA_hAT-Tip100	45	20
0.804815919830108	DNA_PIF-Harbinger	45	20
0.198419252075302	LINE_L1	45	20
0.583574906342093	Low_complexity	45	20
0.213562811202702	LTR_Caulimovirus	45	20
3.41196763708685	LTR_Copia	45	20
8.91064046691668	LTR_Gypsy	45	20
76.2346868542949	Non_repeat	45	20
3.55148388354012	RC_Helitron	45	20
0.00885279380534622	rRNA	45	20
0.0236021947045473	Satellite	45	20
1.85467212696688	Simple_repeat	45	20
0.0478271594096487	SINE	45	20
0.549164893020333	SINE_tRNA	45	20
0.000591237342298278	snRNA	45	20
0.0174927421674651	tRNA	45	20
0.493286302800822	DNA	47	20
2.40733131508015	DNA_CMC-EnSpm	47	20
0.491315566267603	DNA_hAT-Ac	47	20
0.284848068804106	DNA_hAT-Tag1	47	20
0.138411395849695	DNA_hAT-Tip100	47	20
0.868153237027818	DNA_PIF-Harbinger	47	20
0.181625268608652	LINE_L1	47	20
0.629124792621037	Low_complexity	47	20
0.162651455208279	LTR_Caulimovirus	47	20
3.81835677579182	LTR_Copia	47	20
9.27206357245703	LTR_Gypsy	47	20
74.9417893696501	Non_repeat	47	20
3.71086404644106	RC_Helitron	47	20
0.00616402593445484	rRNA	47	20
0.0239882430237843	Satellite	47	20
1.89432669841085	Simple_repeat	47	20
0.062833649800775	SINE	47	20
0.591363290937316	SINE_tRNA	47	20
0.00371155380422769	snRNA	47	20
0.0177913714804425	tRNA	47	20
0.342796470915388	DNA	48	18
2.58866951487727	DNA_CMC-EnSpm	48	18
0.327628485476654	DNA_hAT-Ac	48	18
0.354425259751751	DNA_hAT-Tag1	48	18
0.15167985438734	DNA_hAT-Tip100	48	18
0.701772126298759	DNA_PIF-Harbinger	48	18
0.0985919053517709	LINE_L1	48	18
0.430770786460045	Low_complexity	48	18
0.101119902924893	LTR_Caulimovirus	48	18
4.09990646408979	LTR_Copia	48	18
11.4285714285714	LTR_Gypsy	48	18
74.7786738124731	Non_repeat	48	18
2.31564577698005	RC_Helitron	48	18
0.101119902924893	rRNA	48	18
1.71499355360619	Simple_repeat	48	18
0.0278079733043456	SINE	48	18
0.433804383547792	SINE_tRNA	48	18
0.00202239805849786	tRNA	48	18
0.455882947919856	DNA	49	19
2.38935210876457	DNA_CMC-EnSpm	49	19
0.400714468027506	DNA_hAT-Ac	49	19
0.265677813080499	DNA_hAT-Tag1	49	19
0.205189783067248	DNA_hAT-Tip100	49	19
0.960341130511791	DNA_PIF-Harbinger	49	19
0.164406565473672	LINE_L1	49	19
0.58487579474828	Low_complexity	49	19
0.180215369354097	LTR_Caulimovirus	49	19
4.03873731362219	LTR_Copia	49	19
9.64634232229081	LTR_Gypsy	49	19
74.5025721148683	Non_repeat	49	19
3.64971087121244	RC_Helitron	49	19
0.0205539424859232	rRNA	49	19
0.0278714457038764	Satellite	49	19
1.98643989233031	Simple_repeat	49	19
0.0421318359340855	SINE	49	19
0.462326346657849	SINE_tRNA	49	19
0.0166579339466716	tRNA	49	19
60.4763437399421	LTR_Gypsy	5	4
7.69230769230769	Non_repeat	5	4
30.7692307692308	RC_Helitron	5	4
1.06211779851947	Simple_repeat	5	4
0.414252161516292	DNA	50	19
2.37272291712759	DNA_CMC-EnSpm	50	19
0.517796887064895	DNA_hAT-Ac	50	19
0.385212166322104	DNA_hAT-Tag1	50	19
0.23293533985732	DNA_hAT-Tip100	50	19
0.828269893202561	DNA_PIF-Harbinger	50	19
0.210825676513208	LINE_L1	50	19
0.557239705966386	Low_complexity	50	19
0.192496194178228	LTR_Caulimovirus	50	19
4.57681752714624	LTR_Copia	50	19
10.2541951950676	LTR_Gypsy	50	19
72.9162924336307	Non_repeat	50	19
4.06057373770525	RC_Helitron	50	19
0.0171719850492376	rRNA	50	19
0.0135676264126229	Satellite	50	19
1.92154805738256	Simple_repeat	50	19
0.0473841293935447	SINE	50	19
0.472507974277187	SINE_tRNA	50	19
0.00819039218645377	tRNA	50	19
1.27879963341077	DNA	51	15
2.34446599458642	DNA_CMC-EnSpm	51	15
0.213133272235129	DNA_hAT-Ac	51	15
0.266416590293911	DNA_hAT-Tag1	51	15
0.343144568298557	DNA_hAT-Tip100	51	15
0.852533088940514	DNA_PIF-Harbinger	51	15
0.526439182420768	Low_complexity	51	15
0.349538566465611	LTR_Caulimovirus	51	15
10.6182996227541	LTR_Copia	51	15
17.5088983141158	LTR_Gypsy	51	15
61.7553656301285	Non_repeat	51	15
2.05673607706899	RC_Helitron	51	15
0.00639399816705386	Satellite	51	15
1.66670218887871	Simple_repeat	51	15
0.213133272235129	SINE_tRNA	51	15
0.408067395942989	DNA	52	20
2.56130091951233	DNA_CMC-EnSpm	52	20
0.496378048548317	DNA_hAT-Ac	52	20
0.43129843522774	DNA_hAT-Tag1	52	20
0.311382356627171	DNA_hAT-Tip100	52	20
0.963638459622083	DNA_PIF-Harbinger	52	20
0.202900761415124	LINE_L1	52	20
0.594639855236404	Low_complexity	52	20
0.2637873415013	LTR_Caulimovirus	52	20
4.87223453982511	LTR_Copia	52	20
11.1658956663542	LTR_Gypsy	52	20
70.8197123018573	Non_repeat	52	20
4.55765192942015	RC_Helitron	52	20
0.0160947069554479	rRNA	52	20
0.0368145982028823	Satellite	52	20
1.82882823642307	Simple_repeat	52	20
0.0378657764510611	SINE	52	20
0.415133649722413	SINE_tRNA	52	20
0.00190380060503484	snRNA	52	20
0.0144712205499274	tRNA	52	20
0.455432166318916	DNA	54	20
2.81733880835717	DNA_CMC-EnSpm	54	20
0.409577762113575	DNA_hAT-Ac	54	20
0.451996430213863	DNA_hAT-Tag1	54	20
0.385816267534575	DNA_hAT-Tip100	54	20
0.972461167029437	DNA_PIF-Harbinger	54	20
0.208889939010052	LINE_L1	54	20
0.559503992353516	Low_complexity	54	20
0.42246881295036	LTR_Caulimovirus	54	20
5.29890481687386	LTR_Copia	54	20
12.5478855719642	LTR_Gypsy	54	20
68.4657438805175	Non_repeat	54	20
4.88237813767896	RC_Helitron	54	20
0.0108211606423475	rRNA	54	20
0.0228532774528692	Satellite	54	20
1.68919936928897	Simple_repeat	54	20
0.0320903384566167	SINE	54	20
0.350881590171316	SINE_tRNA	54	20
0.00064772074111644	snRNA	54	20
0.0151087903308248	tRNA	54	20
0.203642635130013	DNA	55	17
3.25941930103859	DNA_CMC-EnSpm	55	17
0.343036919111515	DNA_hAT-Ac	55	17
0.546205746342203	DNA_hAT-Tag1	55	17
0.274524296869077	DNA_hAT-Tip100	55	17
0.68455765294519	DNA_PIF-Harbinger	55	17
0.165548480024259	LINE_L1	55	17
0.371181108331438	Low_complexity	55	17
0.976991888408763	LTR_Caulimovirus	55	17
8.49054279432947	LTR_Copia	55	17
19.7979683117277	LTR_Gypsy	55	17
59.3107042680616	Non_repeat	55	17
4.02424001212948	RC_Helitron	55	17
0.0497498294291562	Satellite	55	17
1.3796338412554	Simple_repeat	55	17
0.121105299067546	SINE_tRNA	55	17
0.000947615798650595	tRNA	55	17
0.167926625224411	DNA	56	15
3.22113799294098	DNA_CMC-EnSpm	56	15
0.245478193964412	DNA_hAT-Ac	56	15
0.293718933574333	DNA_hAT-Tag1	56	15
0.366385364125988	DNA_hAT-Tip100	56	15
0.922069833050402	DNA_PIF-Harbinger	56	15
0.089764414210867	LINE_L1	56	15
0.537365200718115	Low_complexity	56	15
1.0503047104945	LTR_Caulimovirus	56	15
10.644716112407	LTR_Copia	56	15
21.2821045175315	LTR_Gypsy	56	15
55.4676909173068	Non_repeat	56	15
4.39479244269122	RC_Helitron	56	15
1.19746949841844	Simple_repeat	56	15
0.119075243340946	SINE_tRNA	56	15
0.192860931196863	DNA	58	14
3.35095867954549	DNA_CMC-EnSpm	58	14
0.64447694508285	DNA_hAT-Ac	58	14
0.438758618472863	DNA_hAT-Tag1	58	14
0.440365792899503	DNA_hAT-Tip100	58	14
1.03180598190322	DNA_PIF-Harbinger	58	14
0.440365792899503	Low_complexity	58	14
0.45965188601919	LTR_Caulimovirus	58	14
9.14482248758458	LTR_Copia	58	14
21.4316709792514	LTR_Gypsy	58	14
56.8216518538757	Non_repeat	58	14
3.6965011812732	RC_Helitron	58	14
1.74539142733161	Simple_repeat	58	14
0.160717442664052	SINE_tRNA	58	14
0.266196988198964	DNA	6	18
4.86559054946069	DNA_CMC-EnSpm	6	18
0.0433343934277384	DNA_hAT-Ac	6	18
0.161927397290204	DNA_hAT-Tag1	6	18
0.0304675987405107	DNA_hAT-Tip100	6	18
0.515764251188965	DNA_PIF-Harbinger	6	18
0.199920857074188	LINE_L1	6	18
0.285861334796425	Low_complexity	6	18
1.74976269260742	LTR_Caulimovirus	6	18
3.88613615010937	LTR_Copia	6	18
27.675868447949	LTR_Gypsy	6	18
56.7084554262672	Non_repeat	6	18
1.53260518604657	RC_Helitron	6	18
0.063484279447359	rRNA	6	18
0.694685528254753	Satellite	6	18
1.01999694110164	Simple_repeat	6	18
0.101477739231343	SINE	6	18
0.198464238807709	SINE_tRNA	6	18
0.534986997941576	DNA	63	20
3.20972573219281	DNA_CMC-EnSpm	63	20
0.477158849005299	DNA_hAT-Ac	63	20
0.471639500341135	DNA_hAT-Tag1	63	20
0.352507061298214	DNA_hAT-Tip100	63	20
0.951513664568454	DNA_PIF-Harbinger	63	20
0.290622070114386	LINE_L1	63	20
0.520700676070475	Low_complexity	63	20
0.40483736901763	LTR_Caulimovirus	63	20
6.33054236566542	LTR_Copia	63	20
14.0945130791895	LTR_Gypsy	63	20
64.7564800460087	Non_repeat	63	20
5.72428237579221	RC_Helitron	63	20
0.0202331310504146	rRNA	63	20
0.0378235345134577	Satellite	63	20
1.48294117998136	Simple_repeat	63	20
0.0251072562954852	SINE	63	20
0.30095908697445	SINE_tRNA	63	20
0.0011156988288496	snRNA	63	20
0.012310325150126	tRNA	63	20
0.226348969585136	DNA	7	19
1.95773156848388	DNA_CMC-EnSpm	7	19
0.325570746237529	DNA_hAT-Ac	7	19
0.178154887528251	DNA_hAT-Tag1	7	19
0.109105417187107	DNA_hAT-Tip100	7	19
0.526394534074758	DNA_PIF-Harbinger	7	19
1.01348119501375	LINE_L1	7	19
0.359007374193271	Low_complexity	7	19
0.109060079386489	LTR_Caulimovirus	7	19
3.7536978643629	LTR_Copia	7	19
25.9827081628443	LTR_Gypsy	7	19
61.5930343003131	Non_repeat	7	19
2.33172308578139	RC_Helitron	7	19
0.00136013401853863	rRNA	7	19
0.0391491908336035	Satellite	7	19
1.21568778576982	Simple_repeat	7	19
0.0314417647285513	SINE	7	19
0.240267674374848	SINE_tRNA	7	19
0.00607526528280587	tRNA	7	19
0.0731236589001083	DNA	8	14
5.17559667706914	DNA_CMC-EnSpm	8	14
0.273114868077727	DNA_hAT-Ac	8	14
0.0601372167457175	DNA_hAT-Tag1	8	14
0.0597376339101978	DNA_hAT-Tip100	8	14
0.348436232573194	DNA_PIF-Harbinger	8	14
2.32517251988924	LINE_L1	8	14
0.19739392074674	Low_complexity	8	14
0.651519813314899	LTR_Copia	8	14
46.3042583542781	LTR_Gypsy	8	14
40.9744227026984	Non_repeat	8	14
2.52616268615565	RC_Helitron	8	14
0.926033221316945	Simple_repeat	8	14
0.104890494323926	SINE_tRNA	8	14
0.216589898443005	DNA	9	19
3.68277472341544	DNA_CMC-EnSpm	9	19
0.363789815636831	DNA_hAT-Ac	9	19
0.191548992989343	DNA_hAT-Tag1	9	19
0.240297146769962	DNA_hAT-Tip100	9	19
0.652924690173535	DNA_PIF-Harbinger	9	19
0.648993387449291	LINE_L1	9	19
0.38760654328016	Low_complexity	9	19
0.072107058828213	LTR_Caulimovirus	9	19
5.47208476485833	LTR_Copia	9	19
15.5558463945475	LTR_Gypsy	9	19
68.2342678222374	Non_repeat	9	19
2.58750383177607	RC_Helitron	9	19
0.0195370816397215	rRNA	9	19
0.0777303146236499	Satellite	9	19
1.37434362173503	Simple_repeat	9	19
0.0285044329170465	SINE	9	19
0.190324815179009	SINE_tRNA	9	19
0.00322466350039213	tRNA	9	19
