0.295527
0.0329473
0.417133
0.223442
0.138379
0.0587061
0.0161741
0.115615
0.124002
0.00638978
0.28135
0.46226
0.288339
0.131789
0.238219
0.333866
0.372604
0.469449
0.0345447
0.101038
0.0221645
0.359026
0.428315
0
0.247204
0.306909
0.0443291
0.0848642
0.211262
0.379193
0.108227
0.308906
0.457668
0.416134
0.48103
0.416733
0.263379
0.0219649
0.0177716
0.261182
0.499601
0.425519
0.130192
0.278754
0.237021
0.319888
0.201877
0.357827
0.173123
0.19369
0.145168
0.433107
0.00259585
0.450879
0.371206
0.463059
0.368411
0.0131789
0.459864
0.28754
0.413538
0.189497
0.223243
0.457069
0.454073
0.422724
0.230431
0.0165735
0.483427
0.488219
0.000998403
0.148762
0.282548
0.331869
0.108826
0.253994
0.414736
0.494808
0.0135783
0.388179
0.18151
0.254792
0.332069
0.305911
0.438299
0.414736
0.250799
0.305911
0.0161741
0.339856
0.0874601
0.488419
0.488419
0.488419
0.234026
0.339058
0.339058
0.224641
0.000199681
0.421126
0.420927
0.102236
0.182907
0.293131
0.263978
0.495807
0.0115815
0.000199681
0.000599042
0.00519169
0.000399361
0.000199681
0.0688898
0.000199681
0.000599042
0.000199681
0.000199681
0.000199681
0.000199681
0.000199681
0.000798722
0.000199681
0.000199681
0.000998403
0.000798722
0.263379
0.00339457
0.000199681
0.000199681
0.00319489
0.000199681
0.000199681
0.000199681
0.0115815
0.0129792
0.000199681
0.00339457
0.0117812
0.000199681
0.000199681
0.000199681
0.000199681
0.000599042
0.0413339
0.000199681
0.000199681
0.000199681
0.000199681
0.000798722
0.00179712
0.00219649
0.000599042
0.000199681
0.000399361
0.000199681
0.00139776
0.000399361
0.00159744
0.000199681
0.000998403
0.000199681
0.000199681
0.000399361
0.000199681
0.00139776
0.00758786
0.000199681
0.000199681
0.14397
0.033147
0.014377
0.000199681
0.0153754
0.000199681
0.00219649
0.00399361
0.00638978
0.000798722
0.00239617
0.0429313
0.00359425
0.000599042
0.000998403
0.000199681
0.00239617
0.000599042
0.0988419
0.000199681
0.00119808
0.000199681
0.00219649
0.019369
0.000199681
0.448083
0.000599042
0.000199681
0.000199681
0.000199681
0.000399361
0.000199681
0.000199681
0.00119808
0.000399361
0.000399361
0.000199681
0.000399361
0.000399361
0.000199681
0.014976
0.0107827
0.0155751
0.0091853
0.000599042
0.000199681
0.00239617
0.00279553
0.000998403
0.00219649
0.000199681
0.000199681
0.000199681
0.000399361
0.000199681
0.000599042
0.000599042
0.0708866
0.000199681
0.000199681
0.000199681
0.00299521
0.000199681
0.000199681
0.000199681
0.000599042
0.000199681
0.108826
0.0091853
0.000199681
0.000199681
0.00119808
0.000399361
0.384984
0.000199681
0.000199681
0.000399361
0.000199681
0.000199681
0.0147764
0.000399361
0.000199681
0.000399361
0.000199681
0.024361
0.024361
0.000199681
0.000199681
0.000998403
0.000199681
0.000199681
0.00159744
0.364816
0.000399361
0.00219649
0.000199681
0.000399361
0.00139776
0.000599042
0.00179712
0.277756
0.360823
0.00838658
0.000399361
0.00159744
0.000998403
0.000399361
0.00259585
0.00239617
0.00738818
0.000998403
0.000199681
0.00299521
0.000798722
0.0129792
0.00139776
0.000199681
0.00219649
0.000399361
0.00119808
0.000199681
0.000199681
0.00139776
0.000199681
0.000199681
0.000599042
0.296326
0.000199681
0.000199681
0.0061901
0.00119808
0.000199681
0.000199681
0.000599042
0.0117812
0.014976
0.000199681
0.000199681
0.000798722
0.000199681
0.000199681
0.225439
0.000199681
0.000199681
0.0157748
0.0131789
0.000798722
0.00159744
0.000199681
0.000998403
0.000199681
0.0125799
0.000998403
0.000199681
0.000199681
0.000199681
0.000199681
0.000199681
0.0113818
0.000199681
0.000199681
0.00119808
0.000199681
0.00179712
0.000199681
0.000399361
0.000199681
0.000599042
0.000599042
0.353235
0.000599042
0.000199681
0.000798722
0.21865
0.0607029
0.0607029
0.0559105
0.000199681
0.128994
0.00459265
0.000798722
0.000998403
0.000199681
0.000399361
0.00339457
0.000399361
0.0716853
0.00159744
0.000998403
0.00339457
0.00239617
0.000199681
0.000199681
0.0071885
0.000399361
0.000199681
0.000199681
0.000798722
0.000798722
0.000599042
0.000399361
0.000199681
0.00279553
0.000199681
0.000199681
0.000199681
0.0091853
0.000199681
0.000998403
0.00219649
0.000199681
0.000599042
0.000199681
0.000199681
0.000199681
0.0515176
0.0253594
0.000199681
0.000399361
0.000199681
0.0239617
0.000399361
0.000199681
0.000199681
0.000199681
0.000199681
0.000199681
0.00698882
0.00519169
0.000199681
0.00239617
0.000199681
0.000399361
0.000199681
0.000199681
0.000199681
0.000599042
0.000599042
0.000199681
0.000199681
0.00758786
0.00119808
0.000199681
0.000199681
0.000599042
0.000599042
0.000199681
0.00139776
0.00519169
0.000199681
0.000199681
0.000199681
0.000199681
0.00678914
0.00319489
0.000199681
0.000199681
0.00119808
0.000199681
0.000199681
0.000199681
0.00299521
0.000399361
0.00499201
0.000399361
0.000199681
0.000798722
0.000599042
0.000199681
0.000399361
0.00938498
0.000199681
0.000599042
0.000199681
0.000199681
0.000998403
0.000199681
0.000199681
0.000399361
0.00798722
0.00798722
0.00798722
0.000199681
0.000199681
0.000599042
0.000399361
0.000399361
0.000199681
0.00179712
0.013778
0.000199681
0.000199681
0.000599042
0.0263578
0.000199681
0.000199681
0.000199681
0.0802716
0.0275559
0.0211661
0.00838658
0.000399361
0.119808
0.000199681
0.000199681
0.000798722
0.452276
0.000599042
0.00219649
0.000199681
0.00159744
0.000399361
0.00698882
0.114018
0.000199681
0.00259585
0.000199681
0.00159744
0.000199681
0.000399361
0.338458
0.000399361
0.420927
0.000199681
0.253195
0.000199681
0.000399361
0.000399361
0.000199681
0.00139776
0.238618
0.000199681
0.000199681
0.000199681
0.196286
0.00279553
0.454473
0.00179712
0.000199681
0.00798722
0.000199681
0.0469249
0.000199681
0.000399361
0.000798722
0.00119808
0.000199681
0.00399361
0.000199681
0.000199681
0.000199681
0.000199681
0.000199681
0.000199681
0.000599042
0.000798722
0.000199681
0.000798722
0.000199681
0.000199681
0.000199681
0.0275559
0.000199681
0.00159744
0.000199681
0.000199681
0.000199681
0.000798722
0.000399361
0.000199681
0.000599042
0.000199681
0.000199681
0.000199681
0.000399361
0.000199681
0.000798722
0.000199681
0.00159744
0.000798722
0.210463
0.000399361
0.000798722
0.000199681
0.000199681
0.000399361
0.000199681
0.00259585
0.033746
0.00599042
0.00599042
0.000199681
0.000199681
0.0948482
0.000199681
0.000199681
0.000199681
0.000199681
0.000199681
0.000199681
0.000399361
0.00119808
0.000199681
0.000199681
0.48123
0.000199681
0.0071885
0.000798722
0.000199681
0.000399361
0.000199681
0.000199681
0.000599042
0.147364
0.000199681
0.000399361
0.000199681
0.00519169
0.000199681
0.00159744
0.00798722
0.000199681
0.0467252
0.26278
0.00359425
0.00239617
0.395367
0.000199681
0.000399361
0.000399361
0.000399361
0.000998403
0.000199681
0.000199681
0.00139776
0.000199681
0.000199681
0.000199681
0.29992
0.000199681
0.000199681
0.000199681
0.000199681
0.000199681
0.00399361
0.000199681
0.000399361
0.000199681
0.0071885
0.000199681
0.000199681
0.000199681
0.072484
0.000199681
0.000199681
0.000199681
0.000399361
0.00419329
0.000199681
0.00119808
0.000599042
0.000998403
0.00159744
0.000199681
0.000199681
0.000798722
0.000199681
0.000199681
0.000599042
0.000599042
0.182308
0.000798722
0.297125
0.00179712
0.000798722
0.00339457
0.00119808
0.000798722
0.000599042
0.00559105
0.000199681
0.0123802
0.106629
0.000199681
0.000199681
0.000199681
0.000199681
0.00259585
0.00119808
0.000199681
0.000399361
0.000399361
0.000399361
0.00439297
0.000199681
0.000599042
0.000199681
0.00139776
0.00139776
0.177117
0.0289537
0.000599042
0.000399361
0.000199681
0.000199681
0.000399361
0.0239617
0.00638978
0.000199681
0.00738818
0.000199681
0.0583067
0.00179712
0.000199681
0.00219649
0.000199681
0.000199681
0.000399361
0.000199681
0.00199681
0.000399361
0.000798722
0.00179712
0.000798722
0.0167732
0.00279553
0.00279553
0.000199681
0.00139776
0.000199681
0.00139776
0.000199681
0.000199681
0.000199681
0.000199681
0.000399361
0.000599042
0.000798722
0.00379393
0.000199681
0.000199681
0.000798722
0.000599042
0.000199681
0.000199681
0.000199681
0.000599042
0.000199681
0.0205671
0.00199681
0.000199681
0.000199681
0.000199681
0.000199681
0.000599042
0.000399361
0.0175719
0.00159744
0.190096
0.000199681
0.0211661
0.000199681
0.000199681
0.0061901
0.000399361
0.105232
0.000199681
0.000199681
0.000399361
0.00319489
0.000199681
0.00778754
0.000199681
0.436901
0.000199681
0.000399361
0.000199681
0.000199681
0.000199681
0.00778754
0.000199681
0.000199681
0.00499201
0.000199681
0.000998403
0.000199681
0.000798722
0.000798722
0.407947
0.000399361
0.000199681
0.00379393
0.00239617
0.000399361
0.000199681
0.00519169
0.000199681
0.000199681
0.000399361
0.000199681
0.0113818
0.0125799
0.000998403
0.000199681
0.00119808
0.0135783
0.00119808
0.000399361
0.000199681
0.000199681
0.000599042
0.00159744
0.0141773
0.000199681
0.000798722
0.000199681
0.00339457
0.000599042
0.000399361
0.00519169
0.000199681
0.0211661
0.00179712
0.000199681
0.000399361
0.00159744
0.000199681
0.00159744
0.000199681
0.00179712
0.000599042
0.00119808
0.000998403
0.000998403
0.000399361
0.000199681
0.000399361
0.000199681
0.0113818
0.000399361
0.000199681
0.00339457
0.000399361
0.415535
0.000199681
0.000599042
0.000199681
0.0133786
0.000199681
0.000199681
0.013778
0.000199681
0.000599042
0.000399361
0.000399361
0.00219649
0.00239617
0.000199681
0.000199681
0.000199681
0.00199681
0.000199681
0.000199681
0.0189696
0.000199681
0.000199681
0.000199681
0.000199681
0.000599042
0.000199681
0.00599042
0.000599042
0.0119808
0.000399361
0.000199681
0.000199681
0.0429313
0.0393371
0.000199681
0.00419329
0.000399361
0.00139776
0.000199681
0.000399361
0.00279553
0.00339457
0
0.000399361
0.000599042
0.00119808
0.000199681
0.000199681
0.000599042
0.00199681
0.000599042
0.000199681
0.000199681
0.000199681
0.000399361
0.00199681
0.0081869
0.000199681
0.000199681
0.00119808
0.00419329
0.000199681
0.000199681
0.00299521
0.000199681
0.000199681
0.000199681
0.000199681
0.000199681
0.00339457
0.000199681
0.000199681
0.000199681
0.00179712
0.000199681
0.00119808
0.000399361
0.00119808
0.000199681
0.0640974
0.000199681
0.115415
0.000199681
0.000599042
0.000798722
0.000199681
0.000199681
0.000199681
0.198682
0.000199681
0.00499201
0.000199681
0.000199681
0.00259585
0.000199681
0.0173722
0.000199681
0.0123802
0.000599042
0.0061901
0.00259585
0.000199681
0.0109824
0.000399361
0.00958466
0.000199681
0.000199681
0.00119808
0.000599042
0.322085
0.000399361
0.00139776
0.00139776
0.000399361
0.00159744
0.000399361
0.000199681
0.00519169
0.000199681
0.0301518
0.000199681
0.000199681
0.000599042
0.000599042
0.288938
0.000399361
0.288938
0.000399361
0.000399361
0.0123802
0.000998403
0.000199681
0.00119808
0.000199681
0.0165735
0.000199681
0.000599042
0.000399361
0.00139776
0.0307508
0.0207668
0.000199681
0.349042
0.000199681
0.000199681
0.00199681
0.000199681
0.357228
0.000199681
0.000199681
0.000199681
0.000199681
0.000998403
0.000199681
0.000998403
0.00459265
0.457668
0.00179712
0.0453275
0.000998403
0.000798722
0.000399361
0.000199681
0.000199681
0.000199681
0.000199681
0.000199681
0.000199681
0.000399361
0.000798722
0.183506
0.000399361
0.00199681
0.000798722
0.211062
0.000199681
0.000199681
0.000199681
0.460663
0.458666
0.459465
0.461861
0.000199681
0.459665
0.00579073
0.0109824
0.00179712
0.00239617
0.000199681
0.000199681
0.000199681
0.000998403
0.00479233
0.0345447
0.0263578
0.00658946
0.000399361
0.000399361
0.000199681
0.00798722
0.0155751
0.000199681
0.0279553
0.000199681
0.000199681
0.00119808
0.000199681
0.00678914
0.000399361
0.000199681
0.000798722
0.000199681
0.000199681
0.000998403
0.000399361
0.000199681
0.000199681
0.00758786
0.00519169
0.0702875
0.00519169
0.000199681
0.000798722
0.00199681
0.00419329
0.000199681
0.00199681
0.00119808
0.000199681
0.000599042
0.00399361
0.00339457
0.000199681
0.000399361
0.0151757
0.000798722
0.000399361
0.00139776
0.000199681
0.00139776
0.000798722
0.000399361
0.00419329
0.000599042
0.028155
0.000399361
0.023762
0.000199681
0.000998403
0.000399361
0.000599042
0.000199681
0.000199681
0.00359425
0.0103834
0.000399361
0.376198
0.000399361
0.000199681
0.000199681
0.000199681
0.00259585
0.00738818
0.000199681
0.000599042
0.000399361
0.000399361
0.000998403
0.000399361
0.000199681
0.000399361
0.000399361
0.000199681
0.000199681
0.000399361
0.00279553
0.000199681
0.000199681
0.000199681
0.000199681
0.00279553
0.000199681
0.00239617
0.000399361
0.000599042
0.000199681
0.000199681
0.000199681
0.000199681
0.000798722
0.000798722
0.000399361
0.000199681
0.000199681
0.00559105
0.000199681
0.00638978
0.000399361
0.000199681
0.0515176
0.000199681
0.000199681
0.000798722
0.00838658
0.000199681
0.000199681
0.0219649
0.000199681
0.000199681
0.000199681
0.0175719
0.000599042
0.000199681
0.00119808
0.000798722
0.000599042
0.000199681
0.000599042
0.0704872
0.000199681
0.000199681
0.000199681
0.000199681
0.0179712
0.000199681
0.00579073
0.000399361
0.000599042
0.000199681
0.000199681
0.000199681
0.212859
0.000199681
0.000199681
0.000199681
0.024361
0.0425319
0.00159744
0.000199681
0.000399361
0.00199681
0.000199681
0.000199681
0.0091853
0.159345
0.000199681
0.00139776
0.000199681
0.000599042
0.000199681
0.000399361
0.000399361
0.0960463
0.00299521
0.000199681
0.000199681
0.000199681
0.00119808
0.000199681
0.406949
0.000199681
0.000199681
0.000199681
0.000199681
0.000199681
0.000199681
0.000199681
0.000199681
0.0377396
0.0061901
0.00139776
0.000199681
0.000199681
0.000199681
0.00698882
0.000399361
0.000798722
0.00359425
0.0543131
0.0155751
0.000199681
0.000199681
0.00119808
0.000599042
0.000199681
0.000199681
0.000399361
0.000399361
0.000399361
0.000199681
0.00299521
0.038139
0.385583
0.0615016
0.275559
0.000199681
0.000399361
0.000199681
0.000199681
0.000998403
0.000199681
0.000199681
0.210064
0.000199681
0.00579073
0.000199681
0.00239617
0.0117812
0.00958466
0.00119808
0.00459265
0.000798722
0.00139776
0.000199681
0.124401
0.127596
0.000199681
0.000399361
0.000199681
0.000599042
0.000399361
0.000199681
0.000599042
0.00139776
0.000199681
0.000599042
0.000199681
0.000199681
0.382987
0.000399361
0.000199681
0.000199681
0.000199681
0.00499201
0.00499201
0.000399361
0.000399361
0.000399361
0.000199681
0.0213658
0.000199681
0.000199681
0.00199681
0.00359425
0.000399361
0.000599042
0.000599042
0.195887
0.252196
0.000199681
0.000199681
0.000399361
0.000199681
0.00219649
0.173722
0.000399361
0.000199681
0.0107827
0.000399361
0.000199681
0.265575
0.16853
0.000199681
0.000199681
0.000199681
0.000399361
0.000798722
0.000199681
0.000399361
0.000399361
0.000199681
0.000199681
0.00199681
0.000199681
0.000199681
0.000199681
0.000199681
0.000199681
0.000599042
0.00119808
0.000599042
0.000199681
0.000199681
0.000199681
0.000199681
0.000199681
0.000199681
0.000798722
0.0798722
0.066893
0.0593051
0.00119808
0.000199681
0.000199681
0.000399361
0.000199681
0.000199681
0.000399361
0.0117812
0.000199681
0.000998403
0.000199681
0.000199681
0.000998403
0.000199681
0.000199681
0.0271565
0.141573
0.000998403
0.000199681
0.000599042
0.000199681
0.000399361
0.000399361
0.00599042
0.000399361
0.000199681
0.000599042
0.000199681
0.000199681
0.000199681
0.000599042
0.000199681
0.000199681
0.0081869
0.00159744
0.000998403
0.000199681
0.00379393
0.00339457
0.0203674
0.000199681
0.000199681
0.000199681
0.000199681
0.000199681
0.000599042
0.0225639
0.00339457
0.000199681
0.000798722
0.000199681
0.000199681
0.000199681
0.000199681
0.00219649
0.000399361
0.000399361
0.000798722
0.00798722
0.000199681
0.000399361
0.000199681
0.102636
0.00579073
0.430112
0.000998403
0.0177716
0.00259585
0.00119808
0.000599042
0.000798722
0.000199681
0.000798722
0.000199681
0.000199681
0.000199681
0.00778754
0.00319489
0.14377
0.00159744
0.00159744
0.000199681
0.000399361
0.000399361
0.0183706
0.000399361
0.000399361
0.000199681
0.000199681
0.000199681
0.000199681
0.000199681
0.000199681
0.000199681
0.000199681
0.00139776
0.000199681
0.000599042
0.000199681
0.0181709
0.000399361
0.00139776
0.000399361
0.00159744
0.000199681
0.00279553
0.00559105
0.000399361
0.000199681
0.000199681
0.000199681
0.000199681
0.000998403
0.000399361
0.000199681
0.000399361
0.000399361
0.00379393
0.0061901
0.000199681
0.00159744
0.000199681
0.000399361
0.000199681
0.00119808
0.000399361
0
0.000399361
0.00119808
0.000199681
0.000199681
0.000599042
0.028754
0.199481
0.014377
0.000199681
0.000399361
0.000399361
0.132188
0.000199681
0.000199681
0.000199681
0.00758786
0.000399361
0.000199681
0.00219649
0.000798722
0.00239617
0.0295527
0.00379393
0.000199681
0.00559105
0.0061901
0.000199681
0.153155
0.000199681
0.000199681
0.000798722
0.00399361
0.000199681
0.000199681
0.000199681
0.00499201
0.403155
0.0111821
0.000199681
0.311102
0.00199681
0.0203674
0.000199681
0.000199681
0.000199681
0.000399361
0.00139776
0.000599042
0.000399361
0.000599042
0.0151757
0.000399361
0.000199681
0.000798722
0.000199681
0.067492
0.000399361
0.00159744
0.000199681
0.373203
0.340256
0.000199681
0.0115815
0.000199681
0.00938498
0.000199681
0.00638978
0.00479233
0.00279553
0.000199681
0.00898562
0.000199681
0.00559105
0.000199681
0.000199681
0.0115815
0.000199681
0.000199681
0.00359425
0.00419329
0.00499201
0.000199681
0.000599042
0.000199681
0.00539137
0.000199681
0.000199681
0.000399361
0.000199681
0.000199681
0.173123
0.000199681
0.000199681
0.179313
0.091254
0.000199681
0.0109824
0.00219649
0.000399361
0.000599042
0.000199681
0.000199681
0.000199681
0.00179712
0.000199681
0.000199681
0.000199681
0.00359425
0.00299521
0.0543131
0.00379393
0.000199681
0.0279553
0.000199681
0.000199681
0.000199681
0.000998403
0.108027
0.108227
0.000399361
0.000199681
0.000399361
0.000599042
0.0551118
0.000599042
0.000199681
0.000199681
0.000599042
0.000199681
0.000199681
0.000798722
0.00359425
0.0175719
0.00499201
0.00499201
0.000399361
0.000599042
0.00239617
0.00139776
0.000798722
0.000199681
0.000199681
0.149361
0.00399361
0.000199681
0.000599042
0.0107827
0.000399361
0.0383387
0.000199681
0.000199681
0.00638978
0.000199681
0.000199681
0.000599042
0.000199681
0.00459265
0.0167732
0.000199681
0.000199681
0.000199681
0.000199681
0.000199681
0.0175719
0.000399361
0.00419329
0.000199681
0.0824681
0.00978435
0.00579073
0.000199681
0.000399361
0.000199681
0.000599042
0.000599042
0.000199681
0.000998403
0.000199681
0.000199681
0.00638978
0.000199681
0.000199681
0.000199681
0.000199681
0.000199681
0.000199681
0.000199681
0.000199681
0.000199681
0.000998403
0.0275559
0.000599042
0.000199681
0.000199681
0.000199681
0.000399361
0.000199681
0.000199681
0.000399361
0.00738818
0.000199681
0.000399361
0.000199681
0.00139776
0.000199681
0.000199681
0.000798722
0.000199681
0.00139776
0.000199681
0.00259585
0.000199681
0.000199681
0.00459265
0.00299521
0.00479233
0.0061901
0.000399361
0.000199681
0.000199681
0.000599042
0.000399361
0.000199681
0.00299521
0.0335463
0.0720847
0.0231629
0.000199681
0.000399361
0.000199681
0.000199681
0.00359425
0.000399361
0.00658946
0.000399361
0.000399361
0.000998403
0.250399
0.160343
0.0157748
0.000798722
0.0609026
0.000599042
0.000998403
0.000998403
0.000199681
0.000199681
0.00698882
0.0233626
0.000199681
0.0151757
0.000199681
0.000199681
0.000199681
0.000199681
0.000199681
0.000399361
0.000798722
0.00139776
0.000399361
0.000199681
0.000199681
0.00139776
0.000599042
0.000199681
0.000199681
0.000199681
0.000399361
0.000998403
0.00179712
0.000199681
0.000199681
0.000399361
0.000199681
0.000998403
0.00698882
0.000599042
0.000199681
0.000599042
0.000199681
0.000199681
0.359625
0.0441294
0.000199681
0.00239617
0.0209665
0.000199681
0.000199681
0.0125799
0.000199681
0.0163738
0.000399361
0.000798722
0.000199681
0.000199681
0.0217652
0.455072
0.000199681
0.000199681
0.00319489
0.000199681
0.000199681
0.000199681
0.000199681
0.00838658
0.000199681
0.000798722
0.00638978
0.114018
0.000199681
0.000199681
0.000998403
0.000399361
0.00219649
0.000199681
0.000199681
0.000399361
0.404752
0.000399361
0.000798722
0.00838658
0.000199681
0.000199681
0.000199681
0.000399361
0.000199681
0.000199681
0.00678914
0.000199681
0.00299521
0.000199681
0.00519169
0.00658946
0.459065
0.000199681
0.000199681
0.000199681
0.000199681
0.000199681
0.00319489
0.000399361
0.000998403
0.000399361
0.000199681
0.000199681
0.000199681
0.000599042
0.0117812
0.000599042
0.000399361
0.000199681
0.000399361
0.446685
0.000199681
0.00119808
0.000199681
0.00259585
0.000199681
0.00778754
0.00738818
0.000199681
0.000199681
0.0103834
0.186502
0.000399361
0.00259585
0.000599042
0.000599042
0.000399361
0.0071885
0.214856
0.00299521
0.00419329
0.000199681
0.000998403
0.000399361
0.000199681
0.000199681
0.000798722
0.3748
0.00239617
0.000399361
0.000199681
0.0844649
0.00479233
0.000199681
0.000199681
0.000199681
0.000199681
0.000798722
0.00219649
0.00119808
0.000199681
0.0189696
0.000399361
0.000199681
0.000199681
0.0277556
0.000199681
0.0201677
0.000199681
0.000399361
0.00299521
0.000399361
0.000599042
0.000399361
0.000199681
0.000399361
0.262181
0.000998403
0.000199681
0.00159744
0.00119808
0.000199681
0.013778
0.000998403
0.000199681
0.00119808
0.00179712
0.000199681
0.000199681
0.0177716
0.000599042
0.00159744
0.00678914
0.00119808
0.00119808
0.299321
0.00119808
0.000199681
0.000199681
0.000199681
0.00339457
0.000199681
0.000199681
0.000199681
0.00299521
0.239816
0.000399361
0.00299521
0.000998403
0.000199681
0.498802
0.0353435
0.0203674
0.499601
0.000998403
0.000199681
0.000798722
0.000399361
0.000599042
0.000399361
0.00858626
0.000399361
0.000199681
0.000399361
0.00459265
0.00119808
0.405152
0.000199681
0.000399361
0.000599042
0.000199681
0.00139776
0.043131
0.000199681
0.0435304
0.00179712
0.000199681
0.000199681
0.0071885
0.000599042
0.00479233
0.00159744
0.000399361
0.00119808
0.23103
0.000199681
0.00599042
0.000599042
0.000199681
0.000599042
0.00219649
0.00139776
0.000199681
0.00858626
0.0129792
0.000199681
0.000599042
0.00738818
0.000998403
0.000599042
0.000798722
0.000199681
0.000199681
0.00199681
0.000199681
0.000399361
0.000199681
0.00698882
0.000199681
0.000399361
0.000399361
0.000199681
0.000199681
0.000199681
0.00139776
0.000199681
0.104633
0.000199681
0.00199681
0.0071885
0.000199681
0.000399361
0.000199681
0.0173722
0.0061901
0.000199681
0.000199681
0.00419329
0.000399361
0.00139776
0.000199681
0.000798722
0.000798722
0.000199681
0.000199681
0.000199681
0.0311502
0.000998403
0.0101837
0.000199681
0.00159744
0.00638978
0.000199681
0.00339457
0.000199681
0.000599042
0.000199681
0.000798722
0.00159744
0.000399361
0.00419329
0.000199681
0.0223642
0.000199681
0.00179712
0.00199681
0.000599042
0.000199681
0.000199681
0.000199681
0.000199681
0.00599042
0.00419329
0.000399361
0.000199681
0.0201677
0.000599042
0.000199681
0.000199681
0.000199681
0.000199681
0.000199681
0.000199681
0.000199681
0.000199681
0.0123802
0.00319489
0
0.421925
0.0145767
0.00379393
0.000199681
0.000199681
0.000199681
0.0648962
0.000199681
0.000199681
0.0265575
0.000199681
0.0626997
0.00159744
0.000399361
0.000599042
0.00159744
0.000199681
0.000798722
0.0199681
0.000399361
0.000199681
0.000599042
0.000199681
0.000199681
0.0061901
0.00479233
0.00279553
0.00599042
0.443091
0.00199681
0.000798722
0.000399361
0.000199681
0.000199681
0.000399361
0.000998403
0.000599042
0.000199681
0.432508
0.000199681
0.000399361
0
0.000399361
0.158746
0.000199681
0.000199681
0.000199681
0.000199681
0.000199681
0.000199681
0.00119808
0.000199681
0.0127796
0.000798722
0.000199681
0.000199681
0.00199681
0.000199681
0.000599042
0.00459265
0.000998403
0.000199681
0.0778754
0.00738818
0.000199681
0.000199681
0.466853
0.000199681
0.000399361
0.000798722
0.000199681
0.000199681
0.0173722
0.000199681
0.000199681
0.000199681
0.000399361
0.000199681
0.000199681
0.00539137
0.000399361
0.00199681
0.000998403
0.000199681
0.000199681
0.000399361
0.000399361
0.000599042
0.000199681
0.00998403
0.000199681
0.000199681
0.000199681
0.000199681
0.0559105
0.000199681
0.00119808
0.000199681
0.0127796
0.000399361
0.00159744
0.000199681
0.000599042
0.000399361
0.000199681
0.000199681
0.000199681
0.000199681
0.000199681
0.000199681
0.000199681
0.00878594
0.000399361
0.000199681
0.00299521
0.000599042
0.000399361
0.000199681
0.000399361
0.000199681
0.0692891
0.0353435
0.000798722
0.00698882
0.341653
0.00299521
0.00199681
0.000199681
0.000199681
0.00119808
0.000399361
0.000199681
0.000998403
0.000199681
0.00838658
0.00279553
0.0317492
0.000399361
0.000199681
0.000399361
0.00139776
0.000199681
0.00159744
0.000199681
0.000798722
0.000199681
0.000199681
0.000199681
0.000399361
0.000399361
0.000998403
0.000798722
0.000199681
0.0335463
0.058107
0.000199681
0.000199681
0.00299521
0.000199681
0.000199681
0.000599042
0.0221645
0.000199681
0.0473243
0.00139776
0.000199681
0.00379393
0.000199681
0.261382
0.000399361
0.00339457
0.111222
0.000798722
0.000399361
0.00459265
0.000199681
0.00559105
0.000199681
0.000199681
0.014377
0.014377
0.000399361
0.000199681
0.000199681
0.000199681
0.000399361
0.000399361
0.028754
0.000599042
0.000199681
0.000599042
0.000399361
0.000199681
0.014976
0.00139776
0.000599042
0.0167732
0.00738818
0.000399361
0.00339457
0.000199681
0.00379393
0.000199681
0.000199681
0.000599042
0.000199681
0.000599042
0.000199681
0.000399361
0.0399361
0.000199681
0.000199681
0.000998403
0.00339457
0.00119808
0.000199681
0.000798722
0.00219649
0.000199681
0.00938498
0.000399361
0.000199681
0.000399361
0.000199681
0.00998403
0.000998403
0.000998403
0.000199681
0.00419329
0.000199681
0.000199681
0.000599042
0.00159744
0.000199681
0.000399361
0.000399361
0.000399361
0.000399361
0.000199681
0.000399361
0.000399361
0.000599042
0.000199681
0.000199681
0.000199681
0.000199681
0.000199681
0.000199681
0.000199681
0.000199681
0.000199681
0.000199681
0.000199681
0.000998403
0.000199681
0.00798722
0.000199681
0.0195687
0.000399361
0.000199681
0.000998403
0.0141773
0.000199681
0.000199681
0.000199681
0.000199681
0.000199681
0.000199681
0.00419329
0.000199681
0.000998403
0.00219649
0.000199681
0.000199681
0.000199681
0.207268
0.208866
0
0.00259585
0.00179712
0.130192
0.000399361
0.000199681
0.00159744
0.000199681
0.000199681
0.00399361
0.114417
0.0892572
0.0211661
0.000199681
0.000199681
0.0297524
0.000399361
0.00219649
0.000199681
0.00319489
0.000399361
0.000199681
0.000199681
0.00838658
0.000399361
0.000798722
0.000199681
0.000399361
0.000798722
0.000199681
0.000399361
0.000199681
0.0413339
0.000199681
0.404752
0.000599042
0.000199681
0.0485224
0.00339457
0.000199681
0
0.000199681
0.000199681
0.000199681
0.00299521
0.000199681
0.0109824
0.00579073
0.000199681
0.000199681
0.000199681
0.000199681
0.000199681
0.000399361
0.00259585
0.000199681
0.0081869
0.000199681
0.0357428
0.16893
0.000199681
0.169129
0.000199681
0.00139776
0.16893
0.283746
0.000399361
0.000798722
0.000399361
0.00599042
0.000199681
0.000199681
0.000199681
0.00159744
0.000199681
0.00299521
0.014377
0.000599042
0.000399361
0.000399361
0.000199681
0.000199681
0.000199681
0.158946
0.00878594
0.00698882
0.000399361
0.00379393
0.00279553
0.000199681
0.000199681
0.00179712
0.000199681
0.000199681
0.000199681
0.0071885
0.000599042
0.000399361
0.00998403
0.000798722
0.000199681
0.00219649
0.00179712
0.00439297
0.00499201
0.0413339
0.000399361
0.000199681
0.00279553
0.128395
0.0473243
0.000199681
0.000199681
0.000199681
0.175919
0.000599042
0.0111821
0.000199681
0.000199681
0.000199681
0.000399361
0.000399361
0.000599042
0.000199681
0.00299521
0.000199681
0.000199681
0.0169728
0.00159744
0.000798722
0.000199681
0.000399361
0.000199681
0.00399361
0.000199681
0.00279553
0.000199681
0.251597
0.000199681
0.000199681
0.000199681
0.000199681
0.000399361
0.00259585
0.000399361
0.00159744
0.0185703
0.000399361
0.0081869
0.00219649
0.00259585
0.291733
0.000199681
0.000599042
0.000399361
0.00359425
0.160543
0.000199681
0.000199681
0.00199681
0.000998403
0.00439297
0.00459265
0.00359425
0.00199681
0.000199681
0.000199681
0.00219649
0.000199681
0.000199681
0.157149
0.000399361
0.00798722
0.000798722
0.000798722
0.000199681
0.000199681
0.000199681
0.0235623
0.000199681
0.000399361
0.000199681
0.000399361
0.000798722
0.00199681
0.00159744
0.000599042
0.00239617
0.00139776
0.000399361
0.00439297
0.000199681
0.000599042
0.0181709
0.000199681
0.000798722
0.00279553
0.000199681
0.000199681
0.000399361
0.00319489
0.00359425
0.000599042
0.000599042
0.000798722
0.0197684
0.000599042
0.0101837
0.338458
0.000199681
0.212859
0.000199681
0.00139776
0.000798722
0.000199681
0.000199681
0.000199681
0.0379393
0.000199681
0.000199681
0.000399361
0.00798722
0.000599042
0.000399361
0.000199681
0.000199681
0.00319489
0.000199681
0.000399361
0.000199681
0.000199681
0.000199681
0.0071885
0.000199681
0.000399361
0.00279553
0.000199681
0.00359425
0.0141773
0.00199681
0.000399361
0.00499201
0.000599042
0.00339457
0.000998403
0.000998403
0.000199681
0.000199681
0.000199681
0.00419329
0.000199681
0.000199681
0.000199681
0.000199681
0.000399361
0.000199681
0.000199681
0.000199681
0.00139776
0.000199681
0.000599042
0.0932508
0.0101837
0.0676917
0.130591
0.000199681
0.0263578
0.000199681
0.0107827
0.000199681
0.00778754
0.000199681
0.000599042
0.000199681
0.341254
0.489617
0.00119808
0.000199681
0.000199681
0.000399361
0.00259585
0.00239617
0.000399361
0.00159744
0.00139776
0.000399361
0.000199681
0.00479233
0.000199681
0.000399361
0.00738818
0.00179712
0.00119808
0.000199681
0.000199681
0.000199681
0.000199681
0.000199681
0.00339457
0.00179712
0.00119808
0.000199681
0.000199681
0.000399361
0.0147764
0.00698882
0.00399361
0.00299521
0.000199681
0
0.000199681
0.000998403
0.000199681
0.000199681
0.0111821
0.000199681
0.000599042
0.023762
0.0081869
0.000998403
0.230032
0.000399361
0.00139776
0.00319489
0.0135783
0.000199681
0.000199681
0.000798722
0.000399361
0.00439297
0.000599042
0.176717
0.000599042
0.000199681
0.000199681
0.000399361
0.32528
0.000599042
0.00119808
0.000199681
0.000399361
0.000399361
0.000199681
0.000798722
0.0101837
0.000798722
0.000199681
0.00638978
0.000199681
0.0161741
0.00299521
0.00159744
0.000199681
0.000199681
0.000199681
0.000399361
0.000199681
0
0.0105831
0.000399361
0.000399361
0.000199681
0.000199681
0.000199681
0.000798722
0.000798722
0.000199681
0.000399361
0.000199681
0.000199681
0.00179712
0.000199681
0.0908546
0.0121805
0.000998403
0.000199681
0.000199681
0.00219649
0.000199681
0.00179712
0.00179712
0.000199681
0.000199681
0.000399361
0.00459265
0.0966454
0.000199681
0.000599042
0.000199681
0.000399361
0.492013
0.00239617
0.00139776
0.000199681
0.0559105
0.000199681
0.000199681
0.000199681
0.0061901
0.0147764
0.000798722
0.0269569
0.247204
0.000199681
0.00319489
0.00119808
0.000199681
0.00119808
0.00139776
0.000599042
0.000199681
0.00399361
0.000199681
0.000998403
0.161342
0.000199681
0.00239617
0.00219649
0.000199681
0.000199681
0.000399361
0.000199681
0.000199681
0.000199681
0.00459265
0.000599042
0.000199681
0.000599042
0.000199681
0.000199681
0.000199681
0.000399361
0.000199681
0.00239617
0.000998403
0.000199681
0.000199681
0.000599042
0.000199681
0.000199681
0.00179712
0.000399361
0.0081869
0.000199681
0.0249601
0.000199681
0.000199681
0.00858626
0.000199681
0.000199681
0.000798722
0.000599042
0.0195687
0.0646965
0.000399361
0.000199681
0.470647
0.00279553
0.000199681
0.000199681
0.00359425
0.000599042
0.000199681
0.000798722
0.000199681
0.000199681
0.000199681
0.000199681
0.0425319
0.00119808
0.000399361
0.00139776
0.00219649
0.000199681
0.000199681
0.00119808
0.000199681
0.000199681
0.00199681
0.000798722
0.000798722
0.000798722
0.000399361
0.000399361
0.000199681
0.000199681
0.000399361
0.00499201
0.00878594
0.000199681
0.00539137
0.000199681
0.000199681
0.000199681
0.0577077
0.000199681
0.123403
0.000199681
0.0191693
0.000199681
0.000399361
0.000199681
0.000199681
0.000798722
0.000199681
0.000199681
0.00119808
0.000199681
0.000998403
0.000399361
0.000199681
0.000199681
0.000599042
0.000798722
0.000599042
0.000199681
0.0864617
0.000199681
0.000199681
0.00219649
0.000798722
0.00239617
0.0289537
0.000199681
0.00299521
0.00658946
0.000399361
0.0842652
0.0842652
0.000199681
0.000199681
0.000199681
0.00259585
0.0617013
0.000399361
0.000199681
0.00419329
0.0121805
0.00199681
0.000399361
0.000399361
0.0405351
0.00219649
0.00678914
0.0545128
0.226637
0.000399361
0.00439297
0.000199681
0.00579073
0.000199681
0.000199681
0.000199681
0.000199681
0.0720847
0.00139776
0.000199681
0.00319489
0.00299521
0.038139
0.000199681
0.000199681
0.000199681
0.000199681
0.000199681
0.000998403
0.000199681
0.000599042
0.000199681
0.000199681
0.000399361
0.136981
0.00199681
0.000199681
0.000199681
0.000199681
0.000199681
0.000199681
0.00279553
0.000199681
0.000399361
0.000199681
0.0071885
0.000798722
0.000199681
0.000399361
0.000399361
0.000798722
0.000399361
0.00599042
0.000399361
0.000399361
0.000399361
0.000599042
0.00479233
0.0972444
0.0163738
0.000199681
0.000199681
0.000199681
0.00519169
0.170128
0.00878594
0.000199681
0.00139776
0.000199681
0.000199681
0.00279553
0.00399361
0.000399361
0.000998403
0.0351438
0.000199681
0.000199681
0.000199681
0.0205671
0.000399361
0.000199681
0.000199681
0.000199681
0.000199681
0.000399361
0.00519169
0.000199681
0.349641
0.000199681
0.00459265
0.000798722
0.000199681
0.00279553
0.0171725
0.000199681
0.000199681
0.00139776
0.000798722
0.000199681
0.000399361
0.000199681
0.000199681
0.000199681
0.000199681
0.00579073
0.0399361
0.000399361
0.000199681
0.000199681
0.000199681
0.000199681
0.0423323
0.000199681
0.204872
0.00539137
0.00179712
0.000199681
0.0944489
0.000199681
0.000199681
0.000199681
0.00539137
0.000199681
0.00139776
0.290335
0.000199681
0.000199681
0.000199681
0.455072
0.000399361
0.000199681
0.000399361
0.000199681
0.000199681
0.00199681
0.000199681
0.000199681
0.000199681
0.000199681
0.000199681
0.000599042
0.00539137
0.000399361
0.000199681
0.000399361
0.000399361
0.395966
0.000199681
0.000399361
0.00119808
0.000199681
0.000199681
0.000199681
0.000199681
0.000399361
0.000798722
0.000599042
0.000199681
0.00139776
0.000199681
0.000798722
0.000998403
0.00159744
0.00179712
0.000199681
0.000199681
0.0229633
0.00319489
0.000399361
0.000199681
0.00139776
0.0251597
0.00199681
0.000199681
0.0141773
0.00299521
0.000199681
0.000199681
0.000199681
0.000199681
0.000399361
0.00379393
0.000399361
0.000199681
0.00359425
0.000399361
0.000199681
0.000199681
0.000199681
0.000798722
0.000199681
0.000199681
0.000199681
0.00179712
0.0435304
0.000599042
0.000399361
0.000199681
0.000599042
0.000199681
0.000199681
0.000798722
0.0213658
0.000199681
0.000199681
0.000798722
0.00239617
0.000599042
0.048123
0.00139776
0.00459265
0.491214
0.000199681
0.000199681
0.000998403
0.00319489
0.000199681
0.000199681
0.0117812
0.000199681
0.000199681
0.00479233
0.000199681
0.000199681
0.0207668
0.000199681
0.000199681
0.000199681
0.000199681
0.000998403
0.000199681
0.00379393
0.151757
0.00958466
0.000199681
0.444888
0.000399361
0.000199681
0.000199681
0.000199681
0.211262
0.00199681
0.000399361
0.0241613
0.000199681
0.000199681
0.000399361
0.000199681
0.000199681
0.000199681
0.000199681
0.1877
0.00179712
0.00858626
0.000199681
0.000199681
0.000399361
0.00139776
0.000199681
0.000199681
0.000199681
0.090655
0.000599042
0.000998403
0.00139776
0.000199681
0.000399361
0.000599042
0.000399361
0.000199681
0.000399361
0.000998403
0.000399361
0.000399361
0.000199681
0.000199681
0.000199681
0.000399361
0.000599042
0.000399361
0.000998403
0.0351438
0.0802716
0.000199681
0.00499201
0.00159744
0.000399361
0.000599042
0.00459265
0.000399361
0.000199681
0.000199681
0.00479233
0.000199681
0.000798722
0.397963
0.000399361
0.000199681
0.000199681
0.00658946
0.00579073
0.000599042
0.000199681
0.000399361
0.000798722
0.00339457
0.000199681
0.000199681
0.000199681
0.000199681
0.00199681
0.000199681
0.0155751
0.00339457
0.019369
0.0325479
0.014377
0.000199681
0
0.000599042
0.000199681
0.000199681
0.0147764
0.000399361
0.000199681
0.000199681
0.000599042
0.000998403
0.000199681
0.000199681
0.000599042
0.00179712
0.000199681
0.000199681
0
0.000199681
0.00219649
0.000199681
0.000199681
0.000199681
0.0113818
0.000599042
0.000199681
0.000599042
0.000199681
0.000199681
0.000199681
0.000199681
0.000399361
0.000399361
0.00519169
0.000399361
0.000399361
0.000199681
0.000199681
0.000798722
0.000199681
0.000199681
0.00179712
0.000199681
0.00519169
0.000399361
0.000998403
0.000199681
0.000199681
0.00359425
0.00299521
0.000399361
0.357827
0.00119808
0.000199681
0.000399361
0.000199681
0.000599042
0.000199681
0.409545
0.000199681
0.000199681
0.000399361
0.000199681
0.000399361
0.00698882
0.000998403
0.000199681
0.00119808
0.0127796
0.000199681
0.000399361
0.000399361
0.000199681
0.000599042
0.000199681
0.000599042
0.000199681
0.00638978
0.000199681
0.00219649
0.0061901
0.000199681
0.000798722
0.000199681
0.00319489
0.0265575
0.00279553
0.00858626
0.000399361
0.000199681
0.000399361
0.000199681
0.00379393
0.0159744
0.000199681
0.0125799
0.000199681
0.000399361
0.302117
0.000199681
0.000199681
0.00279553
0.000599042
0.000399361
0.000199681
0.000199681
0.0121805
0.000199681
0.00359425
0.000399361
0.114617
0.000399361
0.000199681
0.000199681
0.000199681
0.000199681
0.000199681
0.000199681
0.000199681
0.00479233
0.000199681
0.0429313
0.000199681
0.000599042
0.0181709
0.0283546
0.00119808
0.000199681
0.000798722
0.000199681
0.000199681
0.000199681
0.000199681
0.000199681
0.2502
0.000798722
0.00978435
0.0249601
0.000399361
0.000399361
0.0617013
0.0419329
0.000199681
0.000399361
0.000199681
0.000998403
0.0101837
0.000199681
0.00299521
0.0770767
0.000199681
0.000199681
0.000199681
0.000399361
0.00359425
0.000798722
0.0377396
0.106829
0.000199681
0.000199681
0.00119808
0.0141773
0.00199681
0.00179712
0.00299521
0.000199681
0.00179712
0.000399361
0.00139776
0.00499201
0.0445288
0.000199681
0.00159744
0.000399361
0.000599042
0.000199681
0.000199681
0.000599042
0.0215655
0.000199681
0.000199681
0.0139776
0.000399361
0.000199681
0.00179712
0.000199681
0.0061901
0.00399361
0.00139776
0.000199681
0.000798722
0.272364
0.000199681
0.00119808
0.000199681
0.00119808
0.00239617
0.000199681
0.00239617
0.0493211
0.000199681
0
0.000199681
0.000998403
0.000399361
0.0127796
0.000199681
0.000399361
0.00638978
0.000199681
0.000199681
0.000199681
0.000199681
0.000199681
0.000399361
0.000199681
0.00119808
0.000599042
0.000399361
0.378594
0.000199681
0.000199681
0.000199681
0.000798722
0.000998403
0.0297524
0.000199681
0.000199681
0.000199681
0.000199681
0.000399361
0.00499201
0.00179712
0.293331
0.0227636
0.000199681
0.000199681
0.00159744
0.000199681
0.000199681
0.0119808
0.00678914
0.113618
0.0117812
0.000199681
0.000199681
0.000199681
0.450879
0.183706
0.0121805
0.000399361
0.0359425
0.000599042
0.00798722
0.0547125
0.00119808
0.000199681
0.00119808
0.298922
0.0493211
0.000199681
0.428914
0.000199681
0.000199681
0.172125
0.000199681
0.000199681
0.000199681
0.000199681
0.023762
0.000199681
0.000199681
0.000199681
0.000199681
0.000399361
0.000199681
0.000199681
0.000199681
0.000199681
0.000798722
0.00119808
0.000399361
0.154353
0.000199681
0.00319489
0.000199681
0.000399361
0.000399361
0.000199681
0.00159744
0.000199681
0.000199681
0.000199681
0.000199681
0.000199681
0.00179712
0.000798722
0.00139776
0.014377
0.000199681
0.000199681
0.000199681
0.000199681
0.000399361
0.000998403
0.00339457
0.000199681
0.00858626
0.000599042
0.00139776
0.0109824
0.0123802
0.000199681
0.000798722
0.00219649
0.000399361
0.366214
0.000199681
0.00599042
0.000599042
0.000199681
0.00119808
0.000199681
0.000199681
0.00419329
0.000798722
0.000798722
0.000199681
0.000199681
0.00299521
0.00559105
0.000599042
0.000199681
0.00119808
0.000199681
0.000199681
0.000399361
0.172524
0.000199681
0.000399361
0.00119808
0.000599042
0.000798722
0.00259585
0.000199681
0.000199681
0.000199681
0.0305511
0.376797
0.000199681
0.000998403
0.00479233
0.000199681
0.000199681
0.000199681
0.00798722
0.00778754
0.000399361
0.000399361
0.00559105
0.0157748
0.000599042
0.000199681
0.00858626
0.000199681
0.000599042
0.000199681
0.000599042
0.00638978
0.000199681
0.00139776
0.019369
0.000199681
0.00119808
0.000199681
0.00539137
0.00299521
0.0297524
0.000599042
0.0365415
0.000399361
0.00279553
0.00319489
0.00259585
0.000199681
0.276358
0.132788
0.000199681
0.000199681
0.353035
0.354433
0.000199681
0.000998403
0.000199681
0.0115815
0.000199681
0.000199681
0.000199681
0.000199681
0.000798722
0.0269569
0.00159744
0.000599042
0.000199681
0.0139776
0.000199681
0.000199681
0.00119808
0.000199681
0.000399361
0.000199681
0.000798722
0.000199681
0.000199681
0.00159744
0.00119808
0.000199681
0.00159744
0.0091853
0.00898562
0.169129
0.000199681
0.186901
0.000199681
0.00159744
0.000399361
0.00159744
0.229034
0.000199681
0.000798722
0.000199681
0.00199681
0.000199681
0.00159744
0.492812
0.0239617
0.000199681
0.00119808
0.000399361
0.000199681
0.000399361
0.000199681
0.000199681
0.000199681
0.000998403
0.0439297
0.000199681
0.00119808
0.00738818
0.0389377
0.000199681
0.000599042
0.000399361
0.000399361
0.00119808
0.000798722
0.000199681
0.133187
0.00399361
0.00279553
0.000199681
0.000599042
0.000199681
0.0503195
0.00299521
0.000998403
0.000399361
0.000199681
0.000199681
0.000199681
0.0904553
0.00339457
0.000199681
0.000599042
0.000199681
0.0509185
0.00439297
0.000199681
0.00339457
0.000199681
0.0686901
0.000199681
0.000798722
0.00439297
0.000599042
0.000199681
0.000998403
0.000399361
0.000199681
0.00179712
0.000199681
0.00339457
0.000199681
0.000599042
0.00199681
0.00259585
0.000399361
0.000599042
0.000399361
0.000399361
0.0061901
0.000199681
0.000199681
0.000599042
0.000399361
0.0261581
0.000399361
0.00159744
0.000399361
0.000199681
0.101238
0.000998403
0.000798722
0.000199681
0.000399361
0.000199681
0.000199681
0.00159744
0.000399361
0.00439297
0.000399361
0.000798722
0.0111821
0.00419329
0.000599042
0.000199681
0.00319489
0.000399361
0.000998403
0.000599042
0.324081
0.000199681
0.000599042
0.000199681
0.0103834
0.000399361
0.000399361
0.0377396
0.000199681
0.000199681
0.000399361
0.0625
0.000199681
0.00199681
0.00119808
0.000599042
0.000199681
0.000199681
0.00239617
0.000199681
0.000199681
0.013778
0.00359425
0.000199681
0.00179712
0.00139776
0.000798722
0.000199681
0.000199681
0.000199681
0.000399361
0.000399361
0.00259585
0.00399361
0.0397364
0.00239617
0.0129792
0.000798722
0.00139776
0.000399361
0.000199681
0.000399361
0.000199681
0.00199681
0.377995
0.228035
0.000199681
0.000399361
0.0513179
0.000399361
0.00978435
0.000599042
0.000199681
0.000199681
0.000199681
0.000199681
0.000199681
0.000199681
0.00119808
0.00399361
0.00299521
0.000599042
0.000199681
0.000199681
0.00459265
0.000199681
0.000199681
0.000199681
0.000399361
0.00119808
0.000199681
0.000199681
0.000998403
0.00179712
0.00519169
0.0163738
0.0229633
0.0309505
0.000199681
0.00119808
0.00279553
0.000199681
0.00159744
0.000199681
0.000798722
0.00519169
0.000199681
0.000199681
0.000199681
0.014377
0.000599042
0.000199681
0.00319489
0.000199681
0.0521166
0.000199681
0.000199681
0.000199681
0.000399361
0.0179712
0.000199681
0.000199681
0.000199681
0.000798722
0.000199681
0.292732
0.000798722
0.000199681
0.000199681
0.00139776
0.000199681
0.000199681
0.000199681
0.000199681
0.000199681
0.000399361
0.000599042
0.00219649
0.00119808
0.000199681
0.000199681
0.000199681
0.000199681
0.00399361
0.00678914
0.000199681
0.000199681
0.000199681
0.000199681
0.000199681
0.000599042
0.000199681
0.000199681
0.000199681
0.000798722
0.000199681
0.000199681
0.013778
0.000399361
0.000998403
0.000599042
0.0123802
0.000199681
0.00658946
0.000399361
0.00179712
0.000199681
0.000199681
0.00698882
0.00579073
0.0169728
0.000199681
0.00638978
0.000199681
0.00638978
0.000199681
0.000199681
0.00239617
0.000199681
0.047524
0.000199681
0.000199681
0.000199681
0.000199681
0.000798722
0.0061901
0.000199681
0.000199681
0.000399361
0.000199681
0.0119808
0.000199681
0.000199681
0.000399361
0.000199681
0.00379393
0.00419329
0.000399361
0.000199681
0.000998403
0.000199681
0.00938498
0.00179712
0.00119808
0.000998403
0.00119808
0.0165735
0.115415
0.000599042
0.000199681
0.000199681
0.00698882
0.0233626
0.0171725
0.000199681
0.000199681
0.0201677
0.000199681
0.168331
0.00359425
0.000199681
0.000199681
0.000199681
0.000199681
0.000599042
0.00139776
0.000399361
0.000199681
0.000599042
0.000199681
0.000399361
0.000199681
0.000199681
0.000599042
0.000998403
0.00259585
0.000199681
0.000199681
0.000599042
0.000599042
0.000199681
0.000199681
0.000199681
0.000199681
0.000199681
0.00139776
0.00199681
0.105431
0.000199681
0.000399361
0.000798722
0.000199681
0.00179712
0.000998403
0.000998403
0.000199681
0.000399361
0.000199681
0.173123
0.00958466
0.00159744
0.00419329
0.00379393
0.000199681
0.00119808
0.000199681
0.000199681
0.000399361
0.0061901
0.000199681
0.00199681
0.000199681
0.000798722
0.000199681
0.000199681
0.048123
0.00119808
0.00698882
0.000199681
0.00459265
0.000199681
0.00259585
0.000599042
0.000199681
0.000199681
0.000998403
0.333267
0.439696
0.000998403
0.000199681
0.000199681
0.0425319
0.000199681
0.000199681
0.00419329
0.000399361
0.00519169
0.21266
0.000199681
0.00139776
0.000199681
0.000199681
0.0071885
0.0948482
0.00878594
0.0167732
0.00798722
0.000199681
0.0463259
0.000199681
0.000199681
0.000199681
0.00359425
0.0153754
0.000199681
0.000599042
0.000599042
0.000199681
0.000199681
0.348642
0.00399361
0.172324
0.00319489
0.000199681
0.00259585
0.00139776
0.0559105
0.000599042
0.000199681
0.000199681
0.000199681
0.000399361
0.000599042
0.00858626
0.000798722
0.000199681
0.000199681
0.000399361
0.000199681
0.103634
0.000199681
0.00119808
0.278355
0.103634
0.00359425
0.000399361
0.00299521
0.095647
0.000199681
0.000199681
0.000199681
0.286941
0.000199681
0.000399361
0.136182
0.0131789
0.000199681
0.000199681
0.0157748
0.00139776
0.107029
0.00239617
0.00239617
0.000399361
0.000199681
0.000599042
0.000199681
0.000199681
0.000199681
0.000998403
0.000199681
0.000199681
0.000798722
0.000199681
0.000599042
0.0361422
0.000199681
0.000199681
0.000199681
0.000399361
0.000798722
0.000199681
0.000399361
0.000399361
0.00319489
0.000199681
0.00259585
0.00559105
0.000199681
0.000199681
0.000199681
0.000199681
0.00159744
0.000399361
0.000798722
0.000199681
0.000399361
0.000599042
0.0205671
0.000199681
0.000199681
0
0.000199681
0.209665
0.00259585
0.000199681
0.000199681
0.00559105
0.000199681
0.000199681
0.00459265
0.000399361
0.000399361
0.000599042
0.000199681
0.160144
0.000199681
0.000199681
0.000599042
0.000199681
0.00159744
0.000599042
0.00319489
0.00219649
0.000199681
0.000599042
0.0746805
0.00119808
0.000399361
0.000399361
0.000199681
0.000599042
0.000199681
0.00299521
0.00459265
0.000599042
0.000399361
0.000399361
0.00379393
0.000199681
0.000599042
0.000199681
0.000599042
0.000199681
0.000599042
0.000399361
0.000399361
0.000599042
0.00239617
0.00139776
0.000199681
0.000199681
0.000399361
0.0916534
0.00459265
0.000199681
0.114217
0.0173722
0.000599042
0.00239617
0.000199681
0.000399361
0.000998403
0.000199681
0.00419329
0.000798722
0.00439297
0.000798722
0.0315495
0.000199681
0.000199681
0.000199681
0.000399361
0.000199681
0.000199681
0.000199681
0.00179712
0.00678914
0.000199681
0.000199681
0.000199681
0.000199681
0.000399361
0.000199681
0.00139776
0.000199681
0.0081869
0.000599042
0.000199681
0.00159744
0.00159744
0.000599042
0.000199681
0.000199681
0.0213658
0.000399361
0.000199681
0.000599042
0.000199681
0.000399361
0.000399361
0.034345
0.000199681
0.000399361
0.0121805
0.00239617
0.0115815
0.00259585
0.00738818
0.199481
0.00858626
0.00179712
0.000199681
0.00499201
0.00119808
0.000199681
0.000399361
0.310703
0.00179712
0.390974
0.000199681
0.000399361
0.000199681
0.000199681
0.000399361
0.000199681
0.000199681
0.000199681
0.00159744
0.0666933
0.014377
0.00179712
0.00579073
0.00838658
0.000199681
0.000399361
0.000399361
0.000199681
0.00139776
0.0249601
0.000199681
0.00119808
0.000199681
0.00139776
0.000998403
0.000599042
0.000199681
0.00499201
0.000199681
0.000399361
0.000199681
0.00958466
0.0197684
0.0259585
0.000599042
0.000599042
0.00339457
0.000199681
0.000399361
0.000199681
0.000399361
0.000199681
0.000199681
0.0561102
0.000399361
0.00179712
0.000199681
0.029353
0.000199681
0.000199681
0.000399361
0.000599042
0.000399361
0.000399361
0.00339457
0.00878594
0.000199681
0.00119808
0.00838658
0.000199681
0.000199681
0.000199681
0.000399361
0.149561
0.000199681
0.00738818
0.000399361
0.246206
0.000199681
0.000199681
0.000199681
0.000399361
0.000199681
0.000199681
0.000199681
0.00159744
0.116414
0.000199681
0.000599042
0.000199681
0.104034
0.000199681
0.000199681
0.000199681
0.000199681
0.00758786
0.000199681
0.000199681
0.000998403
0.000199681
0.132388
0.000199681
0.00259585
0.000199681
0.0195687
0.000599042
0.000998403
0.000199681
0.00199681
0.000599042
0.455072
0.00319489
0.000199681
0.028754
0.00938498
0.000199681
0.000199681
0.0147764
0.000399361
0.000399361
0.00339457
0.000199681
0.00219649
0.0469249
0.0469249
0.000798722
0.000199681
0.000199681
0.000399361
0.00499201
0.000199681
0.00339457
0.000199681
0.000399361
0.000399361
0.000199681
0.000199681
0.000199681
0.00119808
0.000199681
0.00559105
0.0101837
0.000199681
0.000399361
0.000399361
0.0105831
0.000599042
0.000199681
0.000599042
0.000399361
0.00239617
0.00319489
0.000199681
0.000199681
0.000199681
0.00139776
0.0091853
0.0103834
0.00319489
0.0071885
0.00219649
0.000798722
0.000399361
0.00199681
0.000199681
0.0407348
0.00119808
0.000399361
0.000199681
0.000798722
0.00559105
0.00459265
0.00239617
0.000798722
0.000199681
0.000599042
0.000599042
0.000199681
0.000199681
0.00159744
0.0183706
0.000998403
0.000399361
0.0658946
0.000199681
0.000199681
0.00479233
0.0103834
0.000399361
0.000399361
0.000399361
0.000199681
0.000199681
0.000199681
0.00139776
0.00938498
0.000199681
0.0173722
0.000399361
0.000199681
0.000399361
0.00658946
0.000599042
0.000199681
0.000599042
0.00119808
0.000199681
0.0071885
0.00179712
0.000998403
0.0469249
0.00119808
0.383786
0.000199681
0.000399361
0.000998403
0.0147764
0.000199681
0.0377396
0.000199681
0.000998403
0.000199681
0.000199681
0.000199681
0.000798722
0.00239617
0.00139776
0.000998403
0.000199681
0.000199681
0.000199681
0.000199681
0.00519169
0.0109824
0.000998403
0.000199681
0.0165735
0.000998403
0.000199681
0.000399361
0.000399361
0.000199681
0.000399361
0.000998403
0.00279553
0.000199681
0.000199681
0.0335463
0.00479233
0.000199681
0.000199681
0.000399361
0.000199681
0.34345
0.000199681
0.00319489
0.000199681
0.000199681
0.000199681
0.000199681
0.000199681
0.303514
0.345847
0.386382
0.000199681
0.000199681
0.000199681
0.000199681
0.000199681
0.00119808
0.00219649
0.0772764
0.000599042
0.000199681
0.000998403
0.000199681
0.000199681
0.0892572
0.000199681
0.352636
0.000199681
0.000399361
0.000399361
0.000399361
0.00139776
0.0145767
0.00219649
0.000399361
0.000199681
0.000199681
0.00339457
0.1248
0.00978435
0.000199681
0.000399361
0.00239617
0.000399361
0.0071885
0.000199681
0.000199681
0.000199681
0.0111821
0.000199681
0.00199681
0.000998403
0.00559105
0.000199681
0.000199681
0.00279553
0.000199681
0.000199681
0.000199681
0.000199681
0.000199681
0.000199681
0.000199681
0.000199681
0.000599042
0.000599042
0.000399361
0.00179712
0.000399361
0.000399361
0.000199681
0.00199681
0.000998403
0.000399361
0.000199681
0.000399361
0.000199681
0.000199681
0.000199681
0.000599042
0.000199681
0.000199681
0.000199681
0.0239617
0.000399361
0.000199681
0.00638978
0.000199681
0.000399361
0.000199681
0.000798722
0.000599042
0.000399361
0.00439297
0.000199681
0.000199681
0.000199681
0.000199681
0.000199681
0.000998403
0.000199681
0.000199681
0.000998403
0.223442
0.000199681
0.460663
0.000199681
0.0940495
0.0902556
0.00599042
0.00259585
0.000199681
0.00139776
0.00219649
0.000599042
0.000599042
0.000998403
0.000399361
0.0291534
0.000199681
0.000199681
0.00599042
0.000399361
0.000199681
0.000199681
0.000199681
0.000798722
0.000399361
0.000199681
0.000199681
0.00499201
0.000199681
0.000199681
0.000199681
0.000199681
0.000199681
0.000199681
0.221246
0.000199681
0.000199681
0.000199681
0.00139776
0.000998403
0.000199681
0.000199681
0.000399361
0.00159744
0.000199681
0.000199681
0.000199681
0.0882588
0.457069
0.000399361
0.000599042
0.000599042
0.000998403
0.00199681
0.000399361
0.000199681
0.000199681
0.000199681
0.0071885
0.000199681
0.000998403
0.000798722
0.000399361
0.000399361
0.00419329
0.000199681
0.0485224
0.0948482
0.00379393
0.000199681
0.00119808
0.000199681
0.00219649
0.0171725
0.000199681
0.0203674
0.000199681
0.0121805
0.000399361
0.000199681
0.000399361
0.00658946
0.00678914
0.0159744
0.000199681
0.000199681
0.000199681
0.000998403
0.000399361
0.000199681
0.0151757
0.0117812
0.000199681
0.000199681
0.000599042
0.000399361
0.000998403
0.000199681
0.000199681
0.000199681
0.000399361
0.000199681
0.00179712
0.00199681
0.0169728
0.0794728
0.000599042
0.000599042
0.154952
0.000599042
0.00499201
0.014377
0.0061901
0.000199681
0.000199681
0.000199681
0.000199681
0.000399361
0.000199681
0.00139776
0.000199681
0.014377
0.000199681
0.000399361
0.000199681
0.000199681
0.00159744
0.202276
0.000399361
0.000399361
0.000199681
0.000199681
0.000199681
0.000199681
0.00199681
0.000399361
0.0491214
0.00179712
0.00159744
0.000199681
0.000199681
0.000199681
0.000199681
0.000599042
0.00439297
0.000798722
0.000199681
0.000199681
0.0153754
0.000199681
0.000199681
0.000199681
0.000998403
0.00319489
0.000199681
0.000199681
0.116414
0.000199681
0.00179712
0.000399361
0.000399361
0.000199681
0.000199681
0.000199681
0.000199681
0.000199681
0.00259585
0.000199681
0.00119808
0.000399361
0.000599042
0.0245607
0.13738
0.000199681
0.0159744
0.000399361
0.000199681
0.000399361
0.000199681
0.000199681
0.000199681
0.00139776
0.000399361
0.000199681
0.000399361
0.00159744
0.000199681
0.000199681
0.000199681
0.00359425
0.000199681
0.000599042
0.000199681
0.194489
0.346845
0
0.00139776
0.000399361
0.000599042
0.000399361
0.000199681
0.000199681
0.000199681
0.000399361
0.000998403
0.000399361
0.0155751
0.0786741
0.000199681
0.000199681
0.000399361
0.000199681
0.0141773
0.000199681
0.000399361
0.000599042
0.000199681
0.00599042
0.000798722
0.000399361
0.000199681
0.00199681
0.000399361
0.000998403
0.000199681
0.000798722
0.000199681
0.000199681
0.000199681
0.000399361
0.0758786
0.000599042
0.000399361
0.000998403
0.00119808
0.000399361
0.00499201
0.00678914
0.000599042
0.0595048
0.000399361
0.00179712
0.000998403
0.000798722
0.000199681
0.000599042
0.000199681
0.000199681
0.000199681
0.000199681
0.000199681
0.0191693
0.000399361
0.000798722
0.000399361
0.000599042
0.000199681
0.000998403
0.000399361
0.000998403
0.0319489
0.0277556
0.000399361
0.000199681
0.00159744
0.000199681
0.00239617
0.000199681
0.000199681
0.000199681
0.0221645
0.000199681
0.352636
0.000199681
0.0211661
0.00399361
0.00239617
0.000199681
0.000199681
0.000199681
0.000998403
0.028754
0.000199681
0.000199681
0.294928
0.000199681
0.000199681
0.309904
0.000599042
0.000199681
0.000199681
0.00599042
0.000199681
0.000399361
0.00119808
0.000199681
0.000199681
0.000599042
0.461262
0.000199681
0.000199681
0.000199681
0.000399361
0.000199681
0.000998403
0.000199681
0.00599042
0.271765
0.000399361
0.000199681
0.0061901
0.00299521
0.000199681
0.000998403
0.00359425
0.000399361
0.0061901
0.0878594
0.319489
0.000399361
0.000199681
0.00119808
0.000798722
0.000599042
0.00419329
0.0311502
0.000199681
0.365815
0.0091853
0.000199681
0.457867
0.000199681
0.458067
0.000399361
0.00119808
0.000399361
0.0455272
0.000199681
0.0115815
0.000998403
0.000798722
0.000199681
0.000399361
0.000199681
0.257788
0.000599042
0.000399361
0.0373403
0.000199681
0.000399361
0.000199681
0.00359425
0.000199681
0.00439297
0.000199681
0.0153754
0.000599042
0.000798722
0.0672923
0.166334
0.000798722
0.481629
0.000199681
0.000199681
0.379792
0.000998403
0.296925
0.000399361
0.000199681
0.000798722
0.000599042
0.000199681
0.000199681
0.000199681
0.000199681
0
0.1
0.2
0.3
0.4
0.5
