0.267173
0.36881
0.214058
0.230232
0.185703
0.473642
0.458067
0.0411342
0.461462
0.0107827
0.402556
0.0121805
0.494209
0.0125799
0.458666
0.0607029
0.288938
0.459665
0.286941
0.0345447
0.245407
0.366414
0.267971
0.441693
0.198083
0.0872604
0.478235
0.36901
0.26258
0.299321
0.419329
0.00519169
0.00199681
0.000399361
0.000399361
0.000399361
0.387181
0.393371
0.116613
0.0986422
0.0986422
0.0986422
0.0986422
0.390176
0.103634
0.103634
0.103634
0.103634
0.103634
0.103634
0.103634
0.225839
0.49401
0.490216
0.183107
0.0890575
0.0748802
0.313099
0.0451278
0.373203
0.000199681
0.48762
0.405551
0.299121
0.489018
0.296925
0.395367
0.265575
0.439497
0.440296
0.440296
0.335463
0.0924521
0.235423
0.0285543
0.401558
0.397764
0.397764
0.336462
0.236022
0.172524
0.201478
0.469249
0.176518
0.000199681
0.457867
0.483626
0.104633
0.123403
0.485823
0.0447284
0.0491214
0
0.333466
0.329673
0.332268
0.242812
0.242812
0.0996406
0.284944
0.426518
0.442292
0.316494
0.330671
0.301118
0.353235
0.00299521
0.0535144
0.185104
0.219848
0.000199681
0.000199681
0.000199681
0.000199681
0.000199681
0.000199681
0.000399361
0.000399361
0.000199681
0.0091853
0.00439297
0.000998403
0.000998403
0.000199681
0.000199681
0.000199681
0.0129792
0.0139776
0.000199681
0.000199681
0.00279553
0.0349441
0.000199681
0.000199681
0.000599042
0.00179712
0.00798722
0.000399361
0.000199681
0.000399361
0.000199681
0.000399361
0.000199681
0.00139776
0.00998403
0.000199681
0.00139776
0.000399361
0.000199681
0.000399361
0.000798722
0.000199681
0.000399361
0.0197684
0.000199681
0.000199681
0.0173722
0.000199681
0.00279553
0.00139776
0.077476
0.000798722
0.206869
0.305511
0.000199681
0.00199681
0.000199681
0.000199681
0.000199681
0.00539137
0.000199681
0.000399361
0.46865
0.000399361
0.000199681
0.000199681
0.000199681
0.13738
0.00139776
0.00878594
0.000798722
0.000399361
0.000199681
0.000199681
0.00419329
0.000199681
0.000199681
0.000199681
0.000199681
0.000599042
0.000399361
0.000199681
0.000199681
0.000199681
0.000199681
0.000199681
0.00179712
0.000399361
0.000399361
0.000998403
0.000199681
0.000399361
0.000199681
0.00179712
0.000199681
0.00738818
0.00798722
0.00938498
0.000199681
0.000599042
0.00658946
0.00658946
0.000199681
0.00559105
0.000399361
0.000199681
0.000798722
0.000399361
0.000199681
0.000599042
0.000199681
0.000798722
0.00199681
0.000998403
0.000399361
0.00139776
0.000199681
0.000599042
0.000599042
0.00319489
0.226038
0.427117
0.000199681
0.000199681
0.000199681
0.000199681
0.000199681
0.000199681
0.000599042
0.000199681
0.00958466
0
0.000199681
0.000798722
0.000199681
0.000199681
0.000798722
0.00159744
0.000199681
0.0650958
0.000399361
0.000199681
0.0305511
0.000199681
0.000199681
0.00199681
0.000199681
0.00259585
0.000199681
0.000199681
0.000199681
0.000199681
0.000199681
0.000599042
0.000399361
0.00119808
0.000199681
0.00179712
0.00359425
0.00499201
0.000599042
0.000199681
0.000599042
0.000199681
0.000599042
0.000998403
0.000998403
0.0846645
0.00698882
0.000199681
0.0081869
0.000798722
0.000798722
0.000199681
0.000199681
0.000998403
0.00139776
0.000199681
0.000199681
0.000199681
0.000399361
0.000199681
0.00459265
0.000199681
0.000199681
0.000199681
0.00279553
0.023762
0.000998403
0.00199681
0.00119808
0.000199681
0.000199681
0.000199681
0.000199681
0.000199681
0.000199681
0.000199681
0.000199681
0.000199681
0.00119808
0.000399361
0.000199681
0.000199681
0.000199681
0.000399361
0.000199681
0.000599042
0.000399361
0.000199681
0.000199681
0.000199681
0.000199681
0.000199681
0.000199681
0.0161741
0.00219649
0.000199681
0.000199681
0.000199681
0.000599042
0.000199681
0.000798722
0.000199681
0.000399361
0.0303514
0.000399361
0.000199681
0.000399361
0.000599042
0.000199681
0.000998403
0.000199681
0.000199681
0.00339457
0.000199681
0.000399361
0.0285543
0.000599042
0.000399361
0.000199681
0.000199681
0.000399361
0.000199681
0.000199681
0.000199681
0.00139776
0.000399361
0.000199681
0.000399361
0.000199681
0.000199681
0.000399361
0.000599042
0.000399361
0.000199681
0.000399361
0.00579073
0.00658946
0.000199681
0.00139776
0.000199681
0.000199681
0.000199681
0.00139776
0.000399361
0.000998403
0.000199681
0.000199681
0.000998403
0.00379393
0.00599042
0.000199681
0.000199681
0.000199681
0.000199681
0.000199681
0.000199681
0.000199681
0.000199681
0.000399361
0.000199681
0.000199681
0.000199681
0.000199681
0.000199681
0.000199681
0.000199681
0.000199681
0.000199681
0.000998403
0.000399361
0.000199681
0.000199681
0.000199681
0.333267
0.15655
0.0397364
0.000199681
0.000199681
0.000599042
0.000199681
0.00459265
0.00219649
0.000599042
0.000199681
0.000599042
0.000199681
0.000399361
0.00159744
0.000199681
0.00339457
0.000199681
0.0339457
0.000399361
0.000199681
0.00179712
0.000199681
0.000199681
0.000399361
0.000199681
0.00299521
0.00319489
0.000998403
0.00239617
0.00239617
0.000199681
0.000199681
0.000798722
0.000199681
0.143171
0.000199681
0.000798722
0.000399361
0.00299521
0.000199681
0.000798722
0.00139776
0.00299521
0.000399361
0.000599042
0.000798722
0.00658946
0.00579073
0.00479233
0.000199681
0.000199681
0.00279553
0.00878594
0.0299521
0.000199681
0.000199681
0.00738818
0.00479233
0.000399361
0.0413339
0.000599042
0.000199681
0.000199681
0.000399361
0.000199681
0.000399361
0.000199681
0.00339457
0.000399361
0.0145767
0.000199681
0.0151757
0.0081869
0.00978435
0.0736821
0.000599042
0.00259585
0.00419329
0.0471246
0.0271565
0.000199681
0.0760783
0.000199681
0.000199681
0.000199681
0.000199681
0.00179712
0.00199681
0.00179712
0.000199681
0.000199681
0.000199681
0.000199681
0.000798722
0.000798722
0.000399361
0.000998403
0.000399361
0.000199681
0.000199681
0.000199681
0.0107827
0.00259585
0.000399361
0.0263578
0.000199681
0.325679
0.0107827
0.000199681
0.000199681
0.000199681
0.00658946
0.000199681
0.000199681
0
0.000199681
0.000199681
0.000199681
0.00998403
0.000998403
0.000199681
0.0255591
0.000199681
0.000199681
0.000399361
0.000399361
0.000199681
0.000199681
0.000199681
0.00419329
0.000199681
0.0113818
0.000199681
0.000199681
0.000199681
0.000199681
0.000599042
0.000399361
0.014377
0.00119808
0.000199681
0.0375399
0.000199681
0.000199681
0.000599042
0.000199681
0.00219649
0.000199681
0.000199681
0.000599042
0.000199681
0.000199681
0.000199681
0.000199681
0.000199681
0.00219649
0.000199681
0.000199681
0.000199681
0.000199681
0.000199681
0.000199681
0.000199681
0.000199681
0.000199681
0.000199681
0.000199681
0.000199681
0.000199681
0.000199681
0.000199681
0.000199681
0.000399361
0.000199681
0.000199681
0.000199681
0.000199681
0.000199681
0.000199681
0.00279553
0.000199681
0.000399361
0.000199681
0.000199681
0.000199681
0.000798722
0.000199681
0.000199681
0.000399361
0.000199681
0.000199681
0.000199681
0.00359425
0.000199681
0.000399361
0.000199681
0.000399361
0.000599042
0.000199681
0.000798722
0.00179712
0.000599042
0.000199681
0.000399361
0.000399361
0.000399361
0.00379393
0.000599042
0.04373
0.000399361
0.000199681
0.000998403
0.000998403
0.00279553
0.000199681
0.00439297
0.000199681
0.00179712
0.298323
0.000199681
0.000199681
0.000399361
0.000199681
0.000998403
0.000199681
0.000199681
0.00119808
0.00239617
0.000399361
0.000199681
0.448682
0.00259585
0.000199681
0.000399361
0.000798722
0.000199681
0.000199681
0.000599042
0.000199681
0.0373403
0.000199681
0.000199681
0.0155751
0.000998403
0.000199681
0.000599042
0.000399361
0.000199681
0.000199681
0.000199681
0.000199681
0.000399361
0.000199681
0.000199681
0.000599042
0.00399361
0.000199681
0.000199681
0.000199681
0.000199681
0.000599042
0.000798722
0.000199681
0.000199681
0.0297524
0.00459265
0.000199681
0.000199681
0.143171
0.00399361
0.000199681
0.00399361
0.00219649
0.000199681
0.000199681
0.00279553
0.0245607
0.000199681
0.130791
0.00199681
0.0141773
0.000199681
0.000199681
0.0197684
0.000798722
0.000199681
0.000199681
0.000199681
0.000399361
0.0377396
0.000199681
0.000199681
0.000399361
0.000399361
0.000199681
0.000399361
0.000199681
0.000199681
0.00599042
0.000199681
0.00239617
0.000399361
0.000199681
0.000199681
0.000199681
0.000199681
0.00379393
0.00279553
0.000199681
0.000199681
0.000399361
0.000199681
0.000199681
0.000399361
0.000199681
0.000199681
0.00119808
0.000199681
0.000199681
0.000199681
0.000399361
0.00279553
0.000199681
0.00399361
0.000199681
0.000199681
0.000199681
0.00279553
0.000199681
0.000199681
0.00199681
0.000199681
0.000599042
0.000199681
0.000798722
0.000199681
0.000199681
0.00119808
0.000798722
0.000399361
0.000199681
0.00119808
0.00299521
0.000399361
0.000199681
0.000599042
0.000199681
0.00199681
0.000199681
0.000399361
0.000199681
0.000199681
0.00139776
0.000199681
0.000998403
0.000399361
0.000199681
0.00379393
0.000798722
0.000199681
0.000199681
0.000199681
0.000199681
0.000199681
0.000199681
0.000199681
0.000399361
0.000399361
0.000399361
0.000199681
0.000199681
0.000199681
0.000199681
0.000199681
0.000199681
0.000199681
0.000798722
0.000399361
0.000199681
0.000199681
0.000199681
0.000199681
0.000199681
0.000399361
0.000199681
0.000199681
0.000199681
0.0271565
0.000199681
0.000199681
0.000199681
0.000199681
0.000199681
0.000599042
0.000199681
0.00119808
0.000199681
0.00299521
0.000399361
0.000199681
0.0061901
0.000599042
0.000199681
0.000199681
0.000199681
0.000199681
0.000199681
0.000199681
0.000399361
0.000199681
0.000798722
0.000199681
0.000199681
0.000199681
0.000599042
0.0858626
0.00199681
0.057508
0.00738818
0.000199681
0.000599042
0.000399361
0.000199681
0.000199681
0.000199681
0.00279553
0.000199681
0.000199681
0.000798722
0.00179712
0.00319489
0.000599042
0.000399361
0.00139776
0.000798722
0.0279553
0.142372
0.0327476
0.00439297
0.00599042
0.000199681
0.000599042
0.000199681
0.000199681
0.00539137
0.000798722
0.000199681
0.000199681
0.00139776
0.000199681
0.000199681
0.000199681
0.000399361
0.000199681
0.000199681
0.000199681
0.000199681
0.000199681
0.000199681
0.000199681
0.0061901
0.000199681
0.246406
0.00259585
0.000798722
0.000199681
0.000399361
0.000399361
0.000399361
0.000599042
0.000199681
0.000998403
0.000599042
0.000199681
0.000199681
0.000199681
0.000599042
0.000199681
0.000199681
0.000599042
0.000199681
0.000199681
0.000199681
0.000399361
0.000199681
0.00439297
0.0109824
0.0111821
0.000199681
0.000199681
0.000199681
0.000199681
0.00479233
0.411941
0.000399361
0.000399361
0.00419329
0.000199681
0.000199681
0.000199681
0.000199681
0.000199681
0.000399361
0.00139776
0.000199681
0.000199681
0.00119808
0.00219649
0.00219649
0.0666933
0.000199681
0.0121805
0.000199681
0.000199681
0.000399361
0.000199681
0.0171725
0.000199681
0.00339457
0.000599042
0.000199681
0.00359425
0.000399361
0.000399361
0.125
0.0109824
0.000199681
0.000199681
0.285942
0.000199681
0.000199681
0.000399361
0.000199681
0.000199681
0.000798722
0.000199681
0.000199681
0.000199681
0.000199681
0.000199681
0.0870607
0.000199681
0.00119808
0.000599042
0.000199681
0.000399361
0.000199681
0.000199681
0.000199681
0.00359425
0.000399361
0.000599042
0.00119808
0.000399361
0.000199681
0.000199681
0.000599042
0.000199681
0.000399361
0.000599042
0.000399361
0.00299521
0.00579073
0.00239617
0.000399361
0.00119808
0.0151757
0.000199681
0.000199681
0.000399361
0.0726837
0.000199681
0.0081869
0.000599042
0.000399361
0.000199681
0.148962
0.000199681
0.000199681
0.000599042
0.000599042
0.000199681
0.00479233
0.0189696
0.000199681
0.00658946
0.00439297
0.00219649
0.000199681
0.000798722
0.000199681
0.000199681
0.000199681
0.000199681
0.000199681
0.00139776
0.000399361
0.000199681
0.000199681
0.000399361
0.000199681
0.000199681
0.000199681
0.000199681
0.000199681
0.000599042
0.0131789
0.00858626
0.00119808
0.000399361
0.000399361
0.410144
0.0233626
0.00219649
0.000199681
0.000199681
0.000199681
0.000399361
0.000199681
0.000199681
0.000199681
0.000199681
0.000399361
0.000199681
0.000399361
0.000199681
0.000399361
0.000599042
0.000199681
0.000199681
0.000399361
0.000998403
0.00179712
0.00439297
0.000399361
0.00479233
0.000199681
0.000199681
0.000199681
0.000199681
0.000199681
0.00119808
0.000199681
0.00499201
0.000199681
0.000399361
0.000199681
0.000199681
0.0145767
0.00319489
0.00219649
0.000199681
0.000199681
0.00279553
0.000199681
0.000399361
0.30012
0.01877
0.000199681
0.000199681
0.000998403
0.000199681
0.000199681
0.000399361
0.00139776
0.00978435
0.00139776
0.000599042
0.000399361
0.000399361
0.000199681
0.000199681
0.000599042
0.000199681
0.000399361
0.000199681
0.000199681
0.000199681
0.000998403
0.000998403
0.000199681
0.000599042
0.204673
0.000199681
0.00738818
0.000199681
0.000199681
0.000199681
0.000199681
0.000199681
0.000199681
0.000199681
0.000199681
0.0271565
0.000599042
0.0201677
0.000798722
0.000199681
0.000199681
0.000199681
0.000199681
0.000199681
0.000199681
0.000199681
0.000798722
0.000199681
0.000199681
0.000199681
0.000199681
0.000199681
0.000199681
0.000998403
0.000199681
0.000199681
0.000798722
0.000199681
0.000199681
0.000199681
0.000199681
0.000199681
0.000199681
0.000199681
0.00399361
0.000399361
0.000199681
0.000199681
0.000998403
0.000199681
0.000199681
0.000399361
0.000199681
0.00259585
0.000199681
0.000199681
0.000199681
0.000798722
0.000199681
0.000798722
0.000399361
0.000199681
0.000199681
0.000199681
0.00139776
0.000199681
0.00179712
0.000399361
0.000199681
0.000798722
0.000199681
0.000798722
0.000199681
0.000199681
0.000998403
0.000199681
0.00239617
0.000199681
0.00139776
0.000599042
0.000199681
0.000199681
0.00838658
0.000199681
0.000599042
0.000199681
0.395168
0.00119808
0.00379393
0.000199681
0.000399361
0.00359425
0.000399361
0.000199681
0.000199681
0.000798722
0.000998403
0.00519169
0.000399361
0.000199681
0.000199681
0.00259585
0.000599042
0.000399361
0.000199681
0.000199681
0.000399361
0.000399361
0.000199681
0.000399361
0.000199681
0.000199681
0.000998403
0.000199681
0.000199681
0.000199681
0.00359425
0.000199681
0.000199681
0.000998403
0.000399361
0.295327
0.00319489
0.000998403
0.000399361
0.000199681
0.00319489
0.000199681
0.000599042
0.000399361
0.000199681
0.0091853
0.000399361
0.000199681
0.000199681
0.000399361
0.000199681
0.000199681
0.000199681
0.000199681
0.000199681
0.000199681
0.0081869
0.00139776
0.00139776
0.00279553
0.00259585
0.000399361
0.000199681
0.00159744
0.00259585
0.000998403
0.000399361
0.000599042
0.000399361
0.00479233
0.000399361
0.000199681
0.000199681
0.000399361
0.000399361
0.000199681
0.000798722
0.000599042
0.00199681
0.000199681
0.000399361
0.000199681
0.000399361
0.00119808
0.000998403
0.000798722
0.000199681
0.000199681
0.000399361
0.000998403
0.000199681
0.000399361
0.000199681
0.00319489
0.000199681
0.000599042
0.00319489
0.000399361
0.000199681
0.000199681
0.000399361
0.000199681
0.000199681
0.000199681
0.185503
0.000199681
0.00299521
0.0561102
0.0565096
0.000199681
0.00219649
0.0101837
0.000199681
0.257388
0.00239617
0.000599042
0.000199681
0.0081869
0.000199681
0.000199681
0.00379393
0.00678914
0.000599042
0.00159744
0.0329473
0.000199681
0.285144
0.00259585
0.000199681
0.285343
0.000998403
0.000998403
0.000199681
0.000199681
0.00399361
0.000199681
0.00399361
0.000399361
0.000399361
0.000399361
0.000399361
0.000399361
0.000199681
0.000798722
0.000199681
0.000399361
0.000199681
0.000199681
0.000199681
0.000199681
0.000599042
0.00139776
0.00119808
0.000199681
0.0371406
0.00439297
0.000399361
0.0127796
0.000199681
0.000199681
0.000199681
0.000199681
0.000199681
0.00299521
0.000199681
0.000599042
0.00199681
0.000199681
0.000199681
0
0.000199681
0.000199681
0.000199681
0.000199681
0.000399361
0.000199681
0.0273562
0.000399361
0.000599042
0.000199681
0.0325479
0.0984425
0.000199681
0.000199681
0.000199681
0.00119808
0.000199681
0.00858626
0.000599042
0.000199681
0.000199681
0.000798722
0.000199681
0.000199681
0.000199681
0.00379393
0.000199681
0.000998403
0.000199681
0.000199681
0.000199681
0.00758786
0.000199681
0.000199681
0.000599042
0.000199681
0.000199681
0.000199681
0.000199681
0.000199681
0.000199681
0.000199681
0.000599042
0.000199681
0.000199681
0.000798722
0.000399361
0.000199681
0.000199681
0.000199681
0.000199681
0.000599042
0.00898562
0.0856629
0.00119808
0.000199681
0.000199681
0.0934505
0.000199681
0.00898562
0.000798722
0.000199681
0.000199681
0.000199681
0.000798722
0.000199681
0.000199681
0.000199681
0.000798722
0.000199681
0.0373403
0.000399361
0.0924521
0.000199681
0.000199681
0.000199681
0.00119808
0.000399361
0.00199681
0.000199681
0.000599042
0.000998403
0.00139776
0.000399361
0.000199681
0.000199681
0.000199681
0.000199681
0.000399361
0.000199681
0.00119808
0.00119808
0.00758786
0.000199681
0.000599042
0.000998403
0.0435304
0.000998403
0.000199681
0.00179712
0.000199681
0.000199681
0.000998403
0.000199681
0.000199681
0.00119808
0.000399361
0.000399361
0.000399361
0.000199681
0.000399361
0.000199681
0.000199681
0.000199681
0.00299521
0.000199681
0.000998403
0.000199681
0.467452
0.000399361
0.0842652
0.000199681
0.000599042
0.000199681
0.000798722
0.000199681
0.000199681
0.000199681
0.000199681
0.000199681
0.0732827
0.000798722
0.00938498
0.0335463
0.000199681
0.000199681
0.00139776
0.000199681
0.000199681
0.000399361
0.000199681
0.000199681
0.000199681
0.000199681
0.000199681
0.000199681
0.000199681
0.000199681
0.0183706
0.000199681
0.000199681
0.000199681
0.000199681
0.000199681
0.000199681
0.000199681
0.000199681
0.000199681
0.000199681
0.000199681
0.000199681
0.000199681
0.000199681
0.000199681
0.000199681
0.000199681
0.000199681
0.00958466
0.000199681
0.00139776
0.000399361
0.000998403
0.000199681
0.000199681
0.000199681
0.000199681
0.000399361
0.000199681
0.000599042
0.000199681
0.000599042
0.000199681
0.000199681
0.000399361
0.00119808
0.000199681
0.000199681
0.000399361
0.00858626
0.000199681
0.000199681
0.000399361
0.000199681
0.000199681
0.000599042
0.000199681
0.000199681
0.000199681
0.000199681
0.000399361
0.000199681
0.000199681
0.00439297
0.000199681
0.000399361
0.000199681
0.000399361
0.000199681
0.000199681
0.000199681
0.000199681
0.000199681
0.00519169
0.000998403
0.000199681
0.000199681
0.000199681
0.000199681
0.000199681
0.000199681
0.000798722
0.000199681
0.000199681
0.000199681
0.000199681
0.000998403
0.000599042
0.000199681
0.000199681
0
0.000199681
0.000199681
0.00139776
0.000998403
0.0131789
0.000399361
0.000199681
0.000199681
0.000199681
0.00299521
0.000399361
0.000599042
0
0.000199681
0.000399361
0.000199681
0.000599042
0.000399361
0.000399361
0.000199681
0.000399361
0.000199681
0.000199681
0.000399361
0.000199681
0.000199681
0.00179712
0.000199681
0.000399361
0.00479233
0.000199681
0.000199681
0.000199681
0.000199681
0.000199681
0.000199681
0.000399361
0.000199681
0.000199681
0.000199681
0.000199681
0.000199681
0.000199681
0.000199681
0.000399361
0.000199681
0.000199681
0.000199681
0.000199681
0.000599042
0.000199681
0.00159744
0.000599042
0.000399361
0.000199681
0.000199681
0.000199681
0.00119808
0.00119808
0.000199681
0.000199681
0.00259585
0.000199681
0.000199681
0.000199681
0.000199681
0.00798722
0.000998403
0.000399361
0.0183706
0.000199681
0.000199681
0.000199681
0.000199681
0.000199681
0.000199681
0.0179712
0.00219649
0.00199681
0.0750799
0.000798722
0.00998403
0.000199681
0.00119808
0.00119808
0.00159744
0.00159744
0.00439297
0.000399361
0.000199681
0.000599042
0.000399361
0.000199681
0.000399361
0.000399361
0.0081869
0.000199681
0.000199681
0.000998403
0.00319489
0.000199681
0.000599042
0.000798722
0.000399361
0.000399361
0.000199681
0.000199681
0.000199681
0.113419
0.00439297
0.11222
0.000199681
0.000399361
0.000599042
0.430312
0.000399361
0.000199681
0.000798722
0.00938498
0.000199681
0.000199681
0.000199681
0.00279553
0.000399361
0.000199681
0.000199681
0.000199681
0.000199681
0.000599042
0.00159744
0.000199681
0.000199681
0.000199681
0.000199681
0.000199681
0.000599042
0.000199681
0.000199681
0.00119808
0.000599042
0.000199681
0.000199681
0.000199681
0.000199681
0.000399361
0.000199681
0.000199681
0.000798722
0.000599042
0.000798722
0.000199681
0.000199681
0.000199681
0.028155
0.115016
0.000199681
0.0800719
0.000399361
0.0147764
0.000199681
0.000199681
0.000599042
0.000199681
0.000199681
0.000199681
0.0061901
0.000199681
0.000199681
0.000199681
0
0.000399361
0.000199681
0.00399361
0.000199681
0.000199681
0.000199681
0.000199681
0.000199681
0.000199681
0.000199681
0.0828674
0.000199681
0.000199681
0.000199681
0.000199681
0.000399361
0.000199681
0.00359425
0.000199681
0.000199681
0.000399361
0.000199681
0.000199681
0.000199681
0.000399361
0.000399361
0.000199681
0.000199681
0.000199681
0.000399361
0.000199681
0.000199681
0.000399361
0.00419329
0.000199681
0.000199681
0.000199681
0.000199681
0.000399361
0.00199681
0.00998403
0.000599042
0.000399361
0.000399361
0.000399361
0.000199681
0.000399361
0.000798722
0.000199681
0.000199681
0.000199681
0.000199681
0.000199681
0.00339457
0.000798722
0.000199681
0.00279553
0.000199681
0.000199681
0.000199681
0.00379393
0.000399361
0.000199681
0.000199681
0.0255591
0.000399361
0.000199681
0.00219649
0.0355431
0.000399361
0.00239617
0.000199681
0.000199681
0.000399361
0.000798722
0.000199681
0.000199681
0.000199681
0.000399361
0.0329473
0.000798722
0.000199681
0.000199681
0.00319489
0.0353435
0.000199681
0.000199681
0.0199681
0.000399361
0.0117812
0.000798722
0.00219649
0.000199681
0.000798722
0.000199681
0.000199681
0.00119808
0.00119808
0.000199681
0.000798722
0.000199681
0.000199681
0.000199681
0.000199681
0.000399361
0.00259585
0.000199681
0.00119808
0.000199681
0.000599042
0.000599042
0.000199681
0.000199681
0.000199681
0.000199681
0.000199681
0.000199681
0
0.000399361
0.000199681
0.000199681
0.000199681
0.00119808
0.00119808
0.000199681
0.000199681
0.000199681
0.000399361
0.000199681
0.000199681
0.000399361
0.000399361
0.000199681
0.000199681
0.000199681
0.000199681
0.000199681
0.000599042
0.000199681
0.000199681
0.000399361
0.00419329
0.000798722
0.000199681
0.000599042
0.000798722
0.00399361
0.000399361
0.00119808
0.000399361
0.000399361
0.0559105
0.000199681
0.000998403
0.00179712
0.000599042
0.00199681
0.000399361
0.000199681
0.000399361
0.0229633
0.00179712
0.00459265
0.000199681
0.00199681
0.000199681
0.000199681
0.000199681
0.000199681
0.000199681
0.000199681
0.000399361
0.0107827
0.000199681
0.000998403
0.000199681
0.000998403
0.000199681
0.0105831
0.00239617
0.000599042
0.000199681
0.000199681
0.00279553
0.000199681
0.000199681
0.000798722
0.334065
0.000199681
0.00159744
0.00279553
0.000199681
0.000199681
0.000199681
0.000199681
0.000399361
0.000199681
0.000599042
0.000199681
0.000199681
0.000199681
0.000199681
0.000199681
0.00319489
0.000798722
0.000199681
0.000199681
0.000199681
0.000199681
0.000199681
0.000399361
0.000199681
0.000199681
0.00119808
0.000599042
0.000399361
0.000199681
0.0125799
0.270168
0.209465
0.209265
0.00159744
0.000399361
0.00119808
0.0081869
0.000399361
0.000199681
0.00379393
0.00139776
0.000798722
0.0654952
0.000798722
0.00239617
0.000199681
0.277955
0.000399361
0.410343
0.000199681
0.0259585
0.000199681
0.000199681
0.000399361
0.000199681
0.158147
0.000199681
0.000199681
0.000199681
0.0205671
0.000199681
0.000399361
0.000599042
0.000199681
0.0081869
0.000399361
0.0133786
0.000798722
0.000199681
0.014976
0.00119808
0.000399361
0.000199681
0.000199681
0.00139776
0.000199681
0.000199681
0.000199681
0.0101837
0.000199681
0.00199681
0.000199681
0.000199681
0.0139776
0.0171725
0.000399361
0.000399361
0.000599042
0.00259585
0.0179712
0.000199681
0.000199681
0.000998403
0.000199681
0.000798722
0.000399361
0.000199681
0.000599042
0.000199681
0.0219649
0.000199681
0.000599042
0.000199681
0.000399361
0.000399361
0.00259585
0.00199681
0.000599042
0.00838658
0.302915
0.000199681
0.019369
0.0533147
0.00119808
0.00159744
0.000199681
0.304912
0.00678914
0.000199681
0.000199681
0.000199681
0.000199681
0.0547125
0.000599042
0.00738818
0.000399361
0.000199681
0.0295527
0.000199681
0.000199681
0.000798722
0.000399361
0.00239617
0.0535144
0.000998403
0.0309505
0.00279553
0.00219649
0.00119808
0.00838658
0.374401
0.374401
0.486422
0.220248
0.220248
0.00599042
0.220248
0.000199681
0.00139776
0.000599042
0.000199681
0.000199681
0.000399361
0.000199681
0.000199681
0.000199681
0.0471246
0.00139776
0.000199681
0.000199681
0.000399361
0.000599042
0.000599042
0.000599042
0.000399361
0.00179712
0.000199681
0.000199681
0.00239617
0.000199681
0.000399361
0.000399361
0.000599042
0.000399361
0.000998403
0.000399361
0.000199681
0.000399361
0.000199681
0.449681
0.000199681
0.000399361
0.000199681
0.000399361
0.00399361
0.000599042
0.000199681
0.000199681
0.386781
0.00239617
0.000199681
0.000199681
0.000199681
0.000199681
0.000399361
0.000199681
0.000199681
0.000199681
0.00379393
0.00159744
0.000399361
0.0139776
0.0255591
0.000199681
0.00179712
0.000199681
0.00199681
0.0417332
0.0339457
0.000199681
0.000199681
0.000199681
0.000599042
0.000199681
0.000199681
0.0105831
0.00159744
0.000199681
0.000199681
0.000199681
0.000399361
0.000199681
0.000798722
0.000798722
0.232228
0.0103834
0.000199681
0.000399361
0.000199681
0.000199681
0.000798722
0.0529153
0.000199681
0.000399361
0.00199681
0.000599042
0.0766773
0.00539137
0.000199681
0.000199681
0.0349441
0.000199681
0.000199681
0.0277556
0.000199681
0.00299521
0.000199681
0.000399361
0.000599042
0.000399361
0.000399361
0.000199681
0.000399361
0.000599042
0.000199681
0.000199681
0.000199681
0.000199681
0.000199681
0.000199681
0.000199681
0.000199681
0.000199681
0.0061901
0.000199681
0.000199681
0.00119808
0.000199681
0.000399361
0.000199681
0.000199681
0.000199681
0.000599042
0.000199681
0.00579073
0.000399361
0.00698882
0.00658946
0.000199681
0.000199681
0.00559105
0.000399361
0.000599042
0.000199681
0.000399361
0.000199681
0.000199681
0.000599042
0.00419329
0.00179712
0.000199681
0.000199681
0.000199681
0.000199681
0.00159744
0.000199681
0.000199681
0.000199681
0.000399361
0.000399361
0.000798722
0.000199681
0.000199681
0.00519169
0.000199681
0.000199681
0.000399361
0.000199681
0.0183706
0.000399361
0.000199681
0.000199681
0.000199681
0.000199681
0.000199681
0.000399361
0.000199681
0.000199681
0.000199681
0.000599042
0.00159744
0.00159744
0.000399361
0.000199681
0
0.000399361
0.0197684
0.000399361
0.000199681
0.000998403
0.000599042
0.000599042
0.00119808
0.000199681
0.000199681
0.000399361
0.000199681
0.000599042
0.000998403
0.000599042
0.000199681
0.000798722
0.000199681
0.000199681
0.00519169
0.000199681
0.00599042
0.000199681
0.0101837
0.00199681
0.0569089
0.000399361
0.000199681
0.000199681
0.00239617
0.000199681
0.000199681
0.00139776
0.000199681
0.000199681
0.000599042
0.000399361
0.000199681
0.000199681
0.322883
0.000199681
0.000199681
0.000199681
0.000199681
0.000599042
0.033746
0.000199681
0.000199681
0.00199681
0.000599042
0.000798722
0.000798722
0.000199681
0.000199681
0.000199681
0.0257588
0.000199681
0.000199681
0.00439297
0.000399361
0.000199681
0.00539137
0.0107827
0.169529
0.000199681
0.0179712
0.000199681
0.000199681
0.000199681
0.000199681
0.000798722
0.000199681
0.000599042
0.00638978
0.00259585
0.000599042
0.000199681
0.000599042
0.000599042
0.000199681
0.000199681
0.000199681
0.000798722
0.00678914
0.000199681
0.000199681
0.171326
0.171326
0.000798722
0.000199681
0.000199681
0.000798722
0.000599042
0.000798722
0.000199681
0.000199681
0.000998403
0.00379393
0.000199681
0.000199681
0.000399361
0.434904
0.000199681
0.000199681
0.000998403
0.000399361
0.000798722
0.00339457
0.00259585
0.0157748
0.000399361
0.000199681
0.000199681
0.000199681
0.000199681
0.000199681
0.0109824
0.000199681
0.00139776
0.000199681
0.00199681
0.000399361
0.000199681
0.000199681
0.000399361
0.000199681
0.000199681
0.000399361
0.000199681
0.000199681
0.000199681
0.000199681
0.000199681
0.000199681
0.000998403
0.000199681
0.000199681
0.000199681
0.000399361
0.000199681
0.000798722
0.000399361
0.000199681
0.000199681
0.000998403
0.000399361
0.000199681
0.000399361
0.000199681
0.000199681
0.000399361
0.000399361
0.000199681
0.00838658
0.000199681
0.000399361
0.00119808
0.000199681
0.000199681
0.000199681
0.00519169
0.000599042
0.000199681
0.000399361
0.00519169
0.000199681
0.000199681
0.00359425
0.00159744
0.00359425
0.00119808
0.000199681
0.000798722
0.000199681
0.000199681
0.000798722
0.000399361
0.000199681
0.000399361
0.000399361
0.000199681
0.000199681
0.000199681
0.000199681
0.000399361
0.000199681
0.00119808
0.00199681
0.0203674
0.000399361
0.000199681
0.0427316
0.000199681
0.000399361
0.000199681
0.000199681
0.000199681
0.000599042
0.00299521
0.159345
0.00119808
0.000199681
0.000599042
0.000199681
0.000998403
0.000199681
0.000199681
0.000399361
0.000199681
0.498203
0.000199681
0.000599042
0.000399361
0.000199681
0.00678914
0.000199681
0.000399361
0.000199681
0.00219649
0.00758786
0.000399361
0.000399361
0.000399361
0.000599042
0.000199681
0.000199681
0.000798722
0.00219649
0.00299521
0.000199681
0.000199681
0.000199681
0.000199681
0.00119808
0.000199681
0.000199681
0.000199681
0.000199681
0.000199681
0.000199681
0.000599042
0.000199681
0.0465256
0.000199681
0.000199681
0.000199681
0.000199681
0.000199681
0.000998403
0.000399361
0.00119808
0.000199681
0
0.000199681
0.000199681
0.00139776
0.000399361
0.000599042
0.000399361
0.000399361
0.000399361
0.000199681
0.000599042
0.000199681
0.00539137
0.000199681
0.000399361
0.0207668
0.000199681
0.000199681
0.000599042
0.000798722
0.000399361
0.000199681
0.000199681
0.000199681
0.000199681
0.000199681
0.000399361
0.000199681
0.000199681
0.000998403
0.000998403
0.000199681
0.000399361
0.000199681
0.0752796
0.00499201
0.000199681
0.0742812
0.000199681
0.000199681
0.0175719
0.0233626
0.000798722
0.0738818
0.000199681
0.0155751
0.000399361
0.000599042
0.000199681
0.000399361
0.000998403
0.000998403
0.000399361
0.00139776
0.000199681
0.000199681
0.000199681
0.000199681
0.000199681
0.000199681
0.000199681
0.000199681
0.000199681
0.000199681
0.000199681
0.000998403
0.000399361
0.000798722
0.000199681
0.000199681
0.000399361
0.000399361
0.000199681
0.000199681
0.000798722
0.000399361
0.000399361
0.000599042
0.000399361
0.000798722
0.000599042
0.000199681
0.000199681
0.000199681
0.000199681
0.000199681
0.000399361
0.000399361
0.000199681
0.000199681
0.000199681
0
0.000599042
0.000199681
0.000798722
0.000998403
0.000199681
0.000599042
0.000199681
0.000199681
0.000399361
0.000998403
0.000199681
0.000199681
0.000199681
0.000199681
0.000199681
0.000599042
0.00279553
0.000199681
0.00339457
0.000199681
0.000399361
0.000199681
0.000399361
0.000199681
0.0249601
0.000199681
0.000599042
0.000199681
0.000399361
0.000199681
0.000199681
0.000199681
0.000399361
0.000199681
0.000399361
0.000199681
0.000199681
0.000599042
0.000199681
0.000599042
0.000199681
0.000399361
0.0948482
0.00778754
0.000399361
0.00459265
0.00199681
0.000599042
0.000199681
0.000399361
0.000199681
0.0313498
0.000199681
0.000199681
0.0177716
0.000399361
0.000199681
0.000199681
0.0251597
0.000199681
0.000199681
0.000199681
0.0543131
0.0543131
0.000998403
0.000199681
0.0111821
0.0239617
0.000199681
0.000599042
0.000199681
0.000199681
0.000199681
0.000199681
0.00179712
0.00299521
0.00638978
0.000199681
0.000199681
0.191094
0.014377
0.000199681
0.00119808
0.000199681
0.000599042
0.000199681
0.000599042
0.000599042
0.000599042
0.000199681
0.000199681
0.000199681
0.000199681
0.000199681
0.000199681
0.000199681
0.000399361
0.000199681
0.000199681
0.464257
0.000199681
0.000998403
0.000798722
0.000199681
0.00579073
0.000399361
0.000798722
0.000399361
0.000199681
0.000199681
0.000199681
0.000199681
0.000399361
0.000199681
0.000199681
0.000199681
0.000199681
0.000199681
0.000199681
0.000199681
0.000199681
0.000399361
0.000399361
0.000399361
0.000199681
0.000199681
0
0.000199681
0.000998403
0.000599042
0.000199681
0.000199681
0.000998403
0.000199681
0.000199681
0.000199681
0.000199681
0.0071885
0.000199681
0.000399361
0.000798722
0.000599042
0.456669
0.000399361
0.000199681
0.000599042
0.000199681
0.000199681
0.000199681
0.000199681
0.000199681
0.000199681
0.000199681
0.000199681
0.000199681
0.000399361
0.000399361
0.000199681
0.000399361
0.00119808
0.000199681
0.129593
0.0329473
0.000199681
0.00179712
0.000599042
0.00119808
0.00179712
0.000599042
0.120008
0.0299521
0.0113818
0.000199681
0.000199681
0.00139776
0.000399361
0.000199681
0.000998403
0.000199681
0.0177716
0.0449281
0.000199681
0.000199681
0.000199681
0.0395367
0.000399361
0.000199681
0.000399361
0.455072
0.00179712
0.000199681
0.00159744
0.00119808
0.000199681
0.000199681
0.000199681
0.000599042
0.000199681
0.000199681
0.000199681
0.000199681
0.000399361
0.000798722
0.000399361
0.000199681
0.000199681
0.000798722
0.00119808
0.000599042
0.000399361
0.000399361
0.000199681
0.000199681
0.000399361
0.000199681
0.000998403
0.000199681
0.000199681
0.000199681
0.000599042
0.000199681
0.00199681
0.0660942
0.000399361
0.000199681
0.000199681
0.00419329
0.000199681
0.000199681
0.00359425
0.000199681
0.000399361
0.000199681
0.000199681
0.00179712
0.00898562
0.0177716
0.00599042
0.00399361
0.00599042
0.000199681
0.0235623
0.00119808
0.00119808
0.000199681
0.000199681
0.00159744
0.000599042
0.421725
0.000199681
0.164137
0.416733
0.00159744
0.000199681
0.000199681
0.00139776
0.000199681
0.000199681
0.000998403
0.000199681
0.000199681
0.000199681
0.000199681
0.00139776
0.000798722
0.0383387
0.000399361
0.0123802
0.000199681
0.0071885
0.000199681
0.000199681
0.00139776
0.00838658
0.0109824
0.000199681
0.000199681
0.00159744
0.000998403
0.000199681
0.000199681
0.000199681
0.0121805
0.000199681
0.000998403
0.000199681
0.0119808
0.0958466
0.000798722
0.438099
0.291933
0.000199681
0.000399361
0.000199681
0.000199681
0.000199681
0.000399361
0.000599042
0.000199681
0.000599042
0.000599042
0.0756789
0.000199681
0.000199681
0.000399361
0.000199681
0.0295527
0.029353
0.0263578
0.0261581
0.000998403
0.000199681
0.167931
0.234225
0.000599042
0.000199681
0.00559105
0.24361
0.000199681
0.00259585
0.00359425
0.014377
0.00219649
0.000199681
0.000199681
0.000199681
0.000199681
0.000199681
0.000199681
0.000199681
0.000199681
0.00359425
0.00179712
0.00119808
0.0698882
0.000599042
0.000199681
0.000199681
0.000199681
0.00339457
0.00419329
0.000399361
0.000199681
0.000199681
0.000599042
0.000199681
0.00139776
0.000199681
0.000199681
0.000199681
0.000199681
0.000199681
0.0111821
0.000199681
0.000399361
0.000199681
0.000199681
0.000199681
0.000199681
0.000798722
0.000199681
0.000199681
0.000199681
0.000998403
0.000199681
0.00459265
0.000199681
0.000199681
0.00339457
0.000399361
0.000199681
0.00219649
0.00119808
0.000399361
0.000199681
0.000199681
0.000199681
0.000199681
0.000599042
0.000199681
0.000199681
0.000998403
0.000199681
0.000599042
0.000199681
0.000199681
0.000199681
0.0607029
0.000199681
0.000199681
0.000798722
0.000199681
0.000199681
0.000399361
0
0.000599042
0.000599042
0.00339457
0.0227636
0.000199681
0.000599042
0.000798722
0.000199681
0.000199681
0.239018
0.00299521
0.000399361
0.000399361
0.000199681
0.00159744
0.000399361
0.000199681
0.145567
0.000199681
0.0349441
0.000199681
0.000998403
0.000199681
0.000399361
0.000199681
0.000798722
0.0345447
0.000399361
0.000798722
0.000199681
0.000199681
0.000199681
0.00339457
0.000399361
0.000399361
0.000399361
0.00139776
0.000199681
0.269968
0.00119808
0.000399361
0.000599042
0.00179712
0.000998403
0.000399361
0.00179712
0.0257588
0.000199681
0.28115
0.000798722
0.00638978
0.000199681
0.000798722
0.000199681
0.000199681
0.000199681
0.000199681
0.00898562
0.000199681
0.00179712
0.000199681
0.000199681
0.000199681
0.000199681
0.0678914
0.000199681
0.00119808
0.000199681
0.000199681
0.000399361
0.0113818
0.00199681
0.000199681
0.000199681
0.000199681
0.000599042
0.000998403
0.455072
0.000599042
0.000199681
0.000399361
0.000599042
0.000399361
0.000199681
0.000399361
0.000199681
0.000998403
0.00758786
0.000199681
0.000998403
0.000399361
0.0081869
0.000399361
0.00998403
0.00419329
0.000199681
0.0203674
0.000199681
0.365615
0.000199681
0.000199681
0.0167732
0.000399361
0.000199681
0.000399361
0.00259585
0.00239617
0.000599042
0.000199681
0.000199681
0.000199681
0.000199681
0.000998403
0.000199681
0.000599042
0.000599042
0.000199681
0.000399361
0.000199681
0.000199681
0.000199681
0.000199681
0.000199681
0.000199681
0.000199681
0.000998403
0.000199681
0.000199681
0.000199681
0.000399361
0.000199681
0.000199681
0.000199681
0.00239617
0.425719
0.158147
0.000399361
0.000399361
0.00199681
0.000399361
0.00559105
0.000199681
0.000399361
0.000199681
0.000399361
0.000199681
0.000399361
0.000599042
0.000599042
0.000399361
0.000199681
0.000599042
0.000199681
0.000599042
0.0071885
0.000798722
0.00119808
0.000399361
0.000199681
0.000599042
0.0061901
0.00499201
0.00179712
0.000798722
0.019369
0.000199681
0.00539137
0.000399361
0.0103834
0.000199681
0.000599042
0.000199681
0.000599042
0.000399361
0.000199681
0.000199681
0.000199681
0.000399361
0.000798722
0.421526
0.000199681
0.000199681
0.000399361
0.00119808
0.00199681
0.000199681
0.000399361
0.363618
0.000798722
0.000199681
0.000199681
0.01877
0.000199681
0.466454
0.000199681
0.000199681
0.000199681
0.000199681
0.329473
0.000199681
0.00658946
0.000199681
0.000798722
0.00139776
0.000199681
0.000399361
0.000199681
0.000998403
0.000199681
0.00399361
0.0061901
0.000199681
0.000199681
0.000199681
0.000798722
0.000199681
0.105431
0.00119808
0.0071885
0.000199681
0.00259585
0.000199681
0.000599042
0.000199681
0.000199681
0.000399361
0.0081869
0.000199681
0.000199681
0.000998403
0.000199681
0.00239617
0.000199681
0.000199681
0.000199681
0.000399361
0.000399361
0.000199681
0.000399361
0.000399361
0.000199681
0.000199681
0.000998403
0.000199681
0.000798722
0.000998403
0.000798722
0.000199681
0.000199681
0.000199681
0.000199681
0.000399361
0.000998403
0
0.047524
0.00778754
0.0133786
0.000199681
0.00119808
0.000199681
0.00399361
0.000199681
0.000199681
0.000998403
0.00998403
0.00159744
0.000199681
0.00658946
0.000199681
0.000199681
0.000199681
0.000199681
0.00159744
0.000199681
0.000199681
0.000199681
0.000399361
0.000199681
0.000199681
0.000199681
0.000199681
0.000199681
0.000399361
0.0722843
0.000199681
0.000399361
0.000599042
0.000798722
0.000199681
0.000998403
0.000199681
0.000399361
0.000399361
0.000199681
0.000399361
0.000399361
0.000199681
0.000199681
0.00399361
0.000199681
0.000798722
0.000199681
0.00139776
0.0814696
0.0169728
0.000199681
0.0257588
0.00119808
0.00259585
0.000199681
0.00778754
0.000199681
0.000199681
0.000199681
0.000199681
0.000199681
0.000199681
0.000399361
0.000199681
0.000199681
0.000199681
0.000199681
0.000199681
0.000998403
0.000199681
0.000199681
0.000199681
0.000399361
0.00179712
0.00299521
0.000399361
0.00199681
0.000399361
0.000199681
0.000199681
0.000599042
0.000199681
0.000399361
0.00399361
0.000199681
0.000199681
0.000399361
0.00519169
0.000199681
0.00479233
0.000199681
0.000199681
0.000199681
0.000199681
0.00299521
0.00299521
0.000798722
0.000199681
0.000199681
0.00139776
0.000199681
0.00838658
0.000199681
0.000199681
0.000199681
0.0061901
0.18111
0.00259585
0.000199681
0.000199681
0.000199681
0.000399361
0.000199681
0.000199681
0.00419329
0.000199681
0.000199681
0.019369
0.000199681
0.000199681
0.000199681
0.000199681
0.000199681
0.000399361
0.000199681
0.000199681
0.000199681
0.00579073
0.000199681
0.00479233
0.000199681
0.00479233
0.000199681
0.0497204
0.000199681
0.000199681
0.000199681
0.000199681
0.000399361
0.000199681
0.0165735
0.000599042
0.00119808
0.000399361
0.000998403
0.173323
0.0061901
0.000199681
0.0728834
0.000399361
0.163938
0.000199681
0.000399361
0.000199681
0.264776
0.00638978
0.00638978
0.000399361
0.000199681
0.000199681
0.000399361
0.00139776
0.000199681
0.000199681
0.000199681
0.000199681
0.000199681
0.000199681
0.0061901
0.000199681
0.00139776
0.000199681
0.000199681
0.000199681
0.000599042
0.000199681
0.00179712
0.000199681
0.00239617
0.000199681
0.000199681
0.000199681
0.0117812
0.000199681
0.00479233
0.000199681
0.00239617
0.000199681
0.000199681
0.0159744
0.00199681
0.140775
0.000798722
0.000599042
0.000199681
0.0253594
0.000199681
0.000199681
0.00299521
0.000399361
0.000998403
0.000199681
0.000199681
0.000399361
0.100839
0.0109824
0.000199681
0.00219649
0.000199681
0.000199681
0.000798722
0.000199681
0.000199681
0.000199681
0.00119808
0.000199681
0.000798722
0.00179712
0.000399361
0.000199681
0.000199681
0.000199681
0.000199681
0.000199681
0.000199681
0.149161
0.0061901
0.000199681
0.000199681
0.472444
0.00239617
0.000199681
0.000798722
0.000199681
0.000199681
0.000399361
0.000199681
0.000199681
0.109026
0.000199681
0.000199681
0.000199681
0.000798722
0.000199681
0.000199681
0.000998403
0.286142
0.00159744
0.000199681
0.000199681
0.000399361
0.000199681
0.00199681
0.028155
0.00199681
0.000399361
0.00638978
0.000599042
0.000199681
0.000199681
0.000399361
0.000199681
0.000199681
0.000399361
0.00758786
0.000998403
0.457069
0.00439297
0.000798722
0.000199681
0.000399361
0.000798722
0.000199681
0.000399361
0.000199681
0.000399361
0.000399361
0.000599042
0.000199681
0.000599042
0.000199681
0.00259585
0.00958466
0.000199681
0.124601
0.000199681
0.000199681
0.000399361
0.00419329
0.00179712
0.00259585
0.000399361
0.000199681
0.00179712
0.000399361
0.00319489
0.000199681
0.0139776
0.000199681
0.000798722
0.000199681
0.0161741
0.00479233
0.000199681
0.00299521
0.000199681
0.000199681
0.000199681
0.000798722
0.000199681
0.000199681
0.000199681
0.000798722
0.000199681
0
0.00339457
0.000599042
0.000199681
0.000399361
0.000399361
0.000199681
0.00319489
0.00479233
0.237021
0.000399361
0.000199681
0.00199681
0.190096
0.000599042
0.000199681
0.000199681
0.00159744
0.000199681
0.0145767
0.000199681
0.000399361
0.00359425
0.000199681
0.000199681
0.000199681
0.231629
0.000199681
0.231629
0.000199681
0.00399361
0.000199681
0.053115
0.000199681
0.000199681
0.000199681
0.000399361
0.206669
0.000599042
0.000199681
0.000599042
0.0113818
0.149561
0.00179712
0.0227636
0.000199681
0.000199681
0.000199681
0.000399361
0.000199681
0.00579073
0.000399361
0.00119808
0.000599042
0.029353
0.000199681
0.000199681
0.000199681
0.000798722
0.000798722
0.000798722
0.000599042
0.000199681
0.000399361
0.000599042
0.000199681
0.000199681
0.000199681
0.000199681
0.000599042
0.00958466
0.000399361
0.000199681
0.000399361
0.000199681
0.0998403
0.000399361
0.000199681
0.000399361
0.0970447
0.000199681
0.000199681
0.000199681
0.00319489
0.000199681
0.00738818
0.000199681
0.000998403
0.00199681
0.000998403
0.000798722
0.000199681
0.000199681
0.00279553
0.000599042
0.00199681
0.000199681
0.000199681
0.000199681
0.00239617
0.00998403
0.000199681
0.00279553
0.000199681
0.000599042
0.000599042
0.000399361
0.000199681
0.00299521
0.000998403
0.000199681
0.000199681
0.000798722
0.00179712
0.000199681
0.000199681
0.000399361
0.000199681
0.000199681
0.000199681
0.000199681
0.000199681
0.000199681
0.000199681
0.000199681
0.000199681
0.000199681
0.000199681
0.000199681
0.000199681
0.000199681
0.000199681
0.000199681
0.000199681
0.000199681
0.000199681
0.00219649
0.000199681
0.000199681
0.000199681
0.000199681
0.000998403
0.000199681
0.000199681
0.000199681
0.000199681
0.000199681
0.000399361
0.000599042
0.000199681
0.000199681
0.000798722
0.000798722
0.00199681
0.000199681
0.00139776
0.000199681
0.00798722
0.000798722
0.000399361
0.000599042
0.000199681
0.000399361
0.00738818
0.0071885
0.000199681
0.000199681
0.000399361
0.000599042
0.000199681
0.000599042
0.000199681
0.000998403
0.000798722
0.00159744
0.00179712
0.000199681
0.00279553
0.000399361
0.000199681
0.00579073
0.000399361
0.000998403
0.000399361
0.000199681
0.000199681
0.0241613
0.000399361
0.000199681
0.000399361
0.000798722
0.000199681
0.000199681
0.000199681
0.000399361
0.000399361
0.000599042
0.000399361
0.000399361
0.000199681
0.000199681
0.000199681
0.000199681
0.000399361
0.000199681
0.000199681
0
0.000199681
0.000199681
0.000199681
0.000199681
0.000998403
0.00159744
0.116813
0.000599042
0.000199681
0.000399361
0.266973
0.000199681
0.00199681
0.00359425
0.000199681
0.000199681
0.000199681
0.0101837
0.000199681
0.000399361
0.270567
0.0299521
0.000199681
0.000199681
0.000199681
0.248003
0.0215655
0.000399361
0.000199681
0.00519169
0.000399361
0.000199681
0.000399361
0.000399361
0.000399361
0.000399361
0.000199681
0.000199681
0.000199681
0.00179712
0.000199681
0.000599042
0.000199681
0.000199681
0.000798722
0.000599042
0.000199681
0.000199681
0.0207668
0.000199681
0.000599042
0.000399361
0.000798722
0.000199681
0.0101837
0.057508
0.000199681
0.000199681
0.000399361
0.000199681
0.000199681
0.000399361
0.000399361
0.000199681
0.000399361
0.000199681
0.000599042
0.000199681
0.000199681
0.000199681
0.00698882
0.00199681
0.00199681
0.000199681
0.000399361
0.000399361
0.000199681
0.000199681
0.000199681
0.000199681
0.000199681
0.000399361
0.000199681
0.000199681
0.00838658
0.000199681
0.000399361
0.00539137
0.000798722
0.000599042
0.000199681
0.000199681
0.00758786
0.000199681
0.000199681
0.000399361
0.000199681
0.000199681
0.000599042
0.000599042
0.00219649
0.000199681
0.000399361
0.00139776
0.000599042
0.000199681
0.00159744
0.00119808
0.000399361
0.000998403
0.000199681
0.000199681
0.000199681
0.000399361
0.000199681
0.000399361
0.000199681
0.000399361
0.000199681
0.000199681
0.000199681
0.000199681
0.00179712
0.000199681
0.000199681
0.00678914
0.000399361
0.000599042
0.000399361
0.000199681
0.00259585
0.000199681
0.000399361
0.000599042
0.000199681
0.000199681
0.0241613
0.000199681
0.00159744
0.000399361
0.000199681
0.000399361
0.000199681
0.000599042
0.000199681
0.00379393
0.000199681
0.000199681
0.000199681
0.000998403
0.00499201
0.000199681
0.00119808
0.00379393
0.000199681
0.000199681
0.000399361
0.000199681
0.000199681
0.000199681
0.000199681
0.000199681
0.000199681
0.000399361
0.00479233
0.000599042
0.000199681
0.000199681
0.000399361
0.000599042
0.000199681
0.000399361
0.000199681
0.000199681
0.000199681
0.000199681
0.0105831
0.000998403
0.000199681
0.024361
0.0091853
0.000199681
0.00159744
0.000599042
0.000199681
0.000199681
0.00219649
0.000399361
0.00159744
0.000199681
0.000199681
0.000599042
0.000399361
0
0.00139776
0.000399361
0.000199681
0.000199681
0.00199681
0.00119808
0.000199681
0.000199681
0.000399361
0.000199681
0.000199681
0.000199681
0.000199681
0.000199681
0.000199681
0.000599042
0.000199681
0.000199681
0.000199681
0.000199681
0.000399361
0.000599042
0.000798722
0.000199681
0.000399361
0.000199681
0.000998403
0.000599042
0.000199681
0.000399361
0.000199681
0.000199681
0.000199681
0.000199681
0.000399361
0.000199681
0.000998403
0.000199681
0.00119808
0.00499201
0.00159744
0.000199681
0.000998403
0.000199681
0.000199681
0.00219649
0.000399361
0.0263578
0.00279553
0.000399361
0.000199681
0.00219649
0.00119808
0.00219649
0.0391374
0.000199681
0.000199681
0.000199681
0.00898562
0.00279553
0.000199681
0.000399361
0.000199681
0.000199681
0.00379393
0.000199681
0.000199681
0.0445288
0.00139776
0.000199681
0.000599042
0.000199681
0.000199681
0.000199681
0.00838658
0.00119808
0.000399361
0.000199681
0.00219649
0.000199681
0.000199681
0.000399361
0.000399361
0.000399361
0.000998403
0.000199681
0.000199681
0.000199681
0.000199681
0.000798722
0.000798722
0.000399361
0.000199681
0.000399361
0.00439297
0.000399361
0.000199681
0.000199681
0.00259585
0.000599042
0.000199681
0.000199681
0.000199681
0.000199681
0.000599042
0.00579073
0.00259585
0.000199681
0.000199681
0.000199681
0
0.000199681
0.000199681
0.000199681
0.00139776
0.00139776
0.000798722
0.000199681
0.000199681
0.000798722
0.0071885
0.0133786
0.000199681
0.000199681
0.00239617
0.00159744
0.000199681
0.000199681
0.000599042
0.000399361
0.000798722
0.000998403
0.000399361
0.000998403
0.000599042
0.0872604
0.115016
0.000199681
0.000199681
0.024361
0.000199681
0.000399361
0.000599042
0.000199681
0.000199681
0.000399361
0.000199681
0.000199681
0.0507188
0.000599042
0.000199681
0.00539137
0.00139776
0.000199681
0.000599042
0.000998403
0.000399361
0.000199681
0.000199681
0.00139776
0.000199681
0.00219649
0.000399361
0.415136
0.239417
0.000199681
0.000199681
0.00179712
0.000199681
0.000399361
0.000199681
0.000199681
0.000199681
0.000599042
0.000199681
0.000798722
0.000199681
0.000199681
0.000399361
0.000199681
0.000798722
0.000399361
0.00139776
0.000399361
0.000798722
0.000199681
0.000399361
0.000599042
0.000199681
0.000199681
0.000199681
0.000798722
0.000199681
0.0131789
0.00119808
0.000599042
0.000199681
0.000399361
0.000199681
0.000798722
0.000199681
0.000199681
0.000399361
0.000399361
0.000199681
0.000199681
0.000199681
0.000998403
0.000998403
0.000199681
0.0213658
0.000199681
0.000599042
0.000399361
0.000199681
0.000199681
0.000199681
0.0115815
0.000199681
0.000399361
0.000399361
0.000399361
0.0081869
0.000199681
0.000199681
0.000199681
0.000399361
0.000199681
0.000199681
0.000199681
0.000199681
0.000199681
0.000399361
0.000199681
0.000199681
0.000998403
0.000199681
0.000798722
0.000199681
0.000399361
0.000199681
0.000399361
0.000599042
0.000599042
0.0213658
0.000199681
0.0485224
0.000199681
0.000599042
0.00119808
0.000199681
0.00219649
0.000199681
0.0091853
0.00738818
0.000798722
0.000399361
0.000998403
0.000199681
0.000199681
0.000199681
0.00119808
0.316494
0.00319489
0.0549121
0.000399361
0.000199681
0.00159744
0.000399361
0.0399361
0.000798722
0.000199681
0.000998403
0.000199681
0.000199681
0.000599042
0.000199681
0.000199681
0.000199681
0.000199681
0.048722
0.000998403
0.000199681
0.000599042
0.000199681
0.000199681
0.000399361
0.000199681
0.000399361
0.00299521
0.0081869
0.00139776
0.00698882
0.000199681
0.00419329
0.000199681
0.000199681
0.000998403
0.000399361
0.00419329
0.000199681
0.000199681
0.000599042
0.000199681
0.000199681
0.0139776
0.0159744
0.0091853
0.023762
0.00399361
0.000199681
0.000199681
0.000199681
0.000199681
0.00698882
0.00599042
0.00399361
0.0189696
0.00219649
0.00299521
0.000399361
0.000599042
0.000199681
0.000599042
0.0171725
0.00179712
0.000998403
0.00119808
0.109824
0.00878594
0.000199681
0.000399361
0.00199681
0.00159744
0.000199681
0.000399361
0.000998403
0.000399361
0.000199681
0.00279553
0.000199681
0.00539137
0.00119808
0.000998403
0.000399361
0.000199681
0.000199681
0.000798722
0.000199681
0.00479233
0.00459265
0.000599042
0.000199681
0.00499201
0.000399361
0.0151757
0.00119808
0.00159744
0.00399361
0.00299521
0.000399361
0.000199681
0.000199681
0.0161741
0.000399361
0.000199681
0.0874601
0.00119808
0.000199681
0.00259585
0.000199681
0.000798722
0.000798722
0.000199681
0.000399361
0.00938498
0.00139776
0.00199681
0.000199681
0.00139776
0.000199681
0.000599042
0.000399361
0.000599042
0.000199681
0.000199681
0.165335
0.000399361
0.000199681
0.000199681
0.000199681
0.00179712
0.000199681
0.000599042
0.000599042
0.0351438
0.000199681
0.00139776
0.000199681
0.000399361
0.000199681
0.000399361
0.000199681
0.000199681
0.000199681
0.00579073
0.000199681
0.000199681
0.000199681
0.00139776
0.000199681
0.00119808
0.000199681
0.000199681
0.000199681
0.000199681
0.000399361
0.000199681
0.000399361
0.000199681
0.000199681
0.000199681
0.0181709
0.0235623
0.000199681
0.000199681
0.000199681
0.000199681
0.000199681
0.000599042
0.000199681
0.000199681
0.00119808
0.00219649
0.000798722
0.000199681
0.000199681
0.000199681
0.000199681
0.000199681
0.000199681
0.000199681
0.00998403
0.000199681
0.000199681
0.000199681
0.000199681
0.000199681
0.00519169
0.000798722
0.000199681
0.000199681
0.00219649
0.000199681
0.000199681
0.000199681
0.000199681
0.000199681
0.000399361
0.000599042
0.000798722
0.00179712
0.000199681
0.000199681
0.000199681
0.000199681
0.000199681
0.000199681
0.000399361
0.000199681
0.000199681
0.00299521
0.000199681
0.000199681
0.00119808
0.000399361
0.000399361
0.000399361
0.000199681
0.000199681
0.000599042
0.000199681
0.00359425
0.000798722
0.000199681
0.000399361
0.000199681
0.000199681
0.000199681
0.000399361
0.000199681
0.000199681
0.000199681
0.000399361
0.00119808
0.000399361
0.000199681
0.00259585
0.000199681
0.000199681
0.000199681
0.000199681
0.00139776
0.0103834
0.000599042
0.000599042
0.000199681
0.000199681
0.0163738
0.00119808
0.000199681
0.000199681
0.00199681
0.000599042
0.0129792
0.000199681
0.0591054
0.000199681
0.000199681
0.000998403
0.000199681
0.000199681
0.000199681
0.000399361
0.000199681
0.000199681
0.00139776
0.000798722
0.000199681
0.0103834
0.0103834
0.0081869
0.0119808
0.00159744
0.000399361
0.000199681
0.000399361
0.000399361
0.000199681
0.000399361
0.00179712
0.000199681
0.000199681
0.000798722
0.00159744
0.000199681
0.000199681
0.000199681
0.000199681
0.000399361
0.000399361
0.000798722
0.000199681
0.000199681
0.000199681
0.000199681
0.000199681
0.000199681
0.00119808
0.000798722
0.000199681
0.00139776
0.000599042
0.000199681
0.000599042
0.00838658
0.000199681
0.000199681
0.000399361
0.000199681
0.000599042
0.000199681
0.00399361
0.00439297
0.000199681
0.000998403
0.000199681
0.000998403
0.000199681
0.000199681
0.000199681
0.000199681
0.000199681
0.000998403
0.000199681
0.000199681
0.0299521
0.000599042
0.000199681
0.000599042
0.000599042
0.000199681
0.00199681
0.000199681
0.000798722
0.000199681
0.00179712
0.00199681
0.000199681
0.0153754
0.00359425
0.000599042
0.000199681
0.00778754
0.000199681
0.000399361
0.00119808
0.00319489
0.491414
0.000199681
0.000199681
0.000399361
0.000399361
0.000199681
0.0115815
0.000399361
0.000199681
0.00139776
0.000199681
0.00539137
0.000199681
0.000199681
0.000199681
0.000199681
0.0117812
0.000399361
0.00219649
0.000199681
0.0453275
0.000399361
0.000399361
0.000399361
0.000199681
0.000199681
0.00339457
0.000199681
0.00159744
0.000199681
0.000199681
0.000599042
0.000798722
0.000199681
0.000199681
0.000399361
0.000199681
0.000199681
0.0125799
0.00179712
0.154153
0.000199681
0.0071885
0.000199681
0.00559105
0.00159744
0.000199681
0.000399361
0.0467252
0.000199681
0.000199681
0.000599042
0.00139776
0.000798722
0
0.153954
0.00439297
0.000399361
0.00439297
0.000199681
0.000399361
0.000199681
0.000199681
0.00119808
0.000199681
0.000199681
0.00159744
0.000199681
0.000199681
0.00259585
0.0103834
0.000199681
0.000199681
0.000599042
0.0217652
0.000199681
0.000399361
0.0125799
0.000798722
0.000599042
0.000199681
0.000998403
0.000199681
0.000798722
0.000399361
0.145367
0.163339
0.000199681
0.0211661
0.0197684
0.000199681
0.000199681
0.163339
0.000399361
0.000199681
0.000199681
0.000399361
0.000199681
0.000199681
0.000199681
0.000199681
0.000199681
0.000199681
0.000199681
0.000199681
0.000199681
0.000199681
0.000199681
0.114217
0.000199681
0.000199681
0.000199681
0.00439297
0.000199681
0.000599042
0.000199681
0.000399361
0.000199681
0.0115815
0.273962
0.284545
0.000399361
0.00798722
0.000399361
0.00259585
0.000199681
0.00139776
0.000599042
0.000399361
0.000399361
0.0235623
0.000798722
0.000798722
0.000199681
0.0844649
0.00878594
0.000199681
0.000399361
0.00559105
0.0119808
0.000199681
0.000798722
0.000199681
0.0113818
0.00638978
0.000399361
0.000199681
0.000399361
0.000399361
0.000399361
0.000599042
0.000199681
0.00399361
0.0401358
0.000199681
0.00239617
0.000199681
0.000399361
0.000399361
0.000199681
0.000199681
0.000798722
0.000199681
0.000998403
0.0333466
0.00379393
0.000399361
0.308706
0.000798722
0.000199681
0.000199681
0.00239617
0.000199681
0.000399361
0.00119808
0.000199681
0.00439297
0.000399361
0.000199681
0.000199681
0.00139776
0.000998403
0.000599042
0.000399361
0.000998403
0.000199681
0.000199681
0.000199681
0.000199681
0.000399361
0.000399361
0.000199681
0.000199681
0.000199681
0.000399361
0.000199681
0.000798722
0.00599042
0.00359425
0.000199681
0.0119808
0.000599042
0.000599042
0.00139776
0.000798722
0.000199681
0.000199681
0.000199681
0.000199681
0.000199681
0.000199681
0.000399361
0.00119808
0.00219649
0.000199681
0.000199681
0.000199681
0.000399361
0.000199681
0.000199681
0.000199681
0.000199681
0.000199681
0.000399361
0.000199681
0.000199681
0.000199681
0.000199681
0.000399361
0.000399361
0.000199681
0.000199681
0.000199681
0.000199681
0.0609026
0.000199681
0.000199681
0.000199681
0.000199681
0.000199681
0.0597045
0.000199681
0.000199681
0.00279553
0.0103834
0.000399361
0.000399361
0.000199681
0.000199681
0.000199681
0.000199681
0.000199681
0.000199681
0.000199681
0.000199681
0.000199681
0.000199681
0.000399361
0.000998403
0.000199681
0.000199681
0.000199681
0.000399361
0.000199681
0.000599042
0.000199681
0.000399361
0.000599042
0.000199681
0.000399361
0.000199681
0.000399361
0.000199681
0.000199681
0.00379393
0.000399361
0.000199681
0.000399361
0.000199681
0.000199681
0.000199681
0.000199681
0.000798722
0.000199681
0.000199681
0.000199681
0.000399361
0.000199681
0.00199681
0.000199681
0.000199681
0.00119808
0.000399361
0.0573083
0.00419329
0.000599042
0.00159744
0.00459265
0.000399361
0.000199681
0.000199681
0.000998403
0.000199681
0.000199681
0.000199681
0.000199681
0.000199681
0.000599042
0.00119808
0.000399361
0.000199681
0.000199681
0.000599042
0.00439297
0.000199681
0.000599042
0.000199681
0.000199681
0.00259585
0.000399361
0.000399361
0.000199681
0.000199681
0.000199681
0.000199681
0.000199681
0.00119808
0.000199681
0.00139776
0.000399361
0.000199681
0.000399361
0.000199681
0.000199681
0.000199681
0.000599042
0.00119808
0.000199681
0.000199681
0.000199681
0.00579073
0.000998403
0.000199681
0.000798722
0.000199681
0.00119808
0.00119808
0.000199681
0.000199681
0.00299521
0.000199681
0.000599042
0.0267572
0.000199681
0.000599042
0.000199681
0.000399361
0.000199681
0.0678914
0.0712859
0.000199681
0.000199681
0.000199681
0.000599042
0.000199681
0.000199681
0.000798722
0.000199681
0.000199681
0.00139776
0.00658946
0.0147764
0.000399361
0.000399361
0.00758786
0.000399361
0.00499201
0.000199681
0.000199681
0.000798722
0.000199681
0.000199681
0.000199681
0.000599042
0.000199681
0.000199681
0.000798722
0.000199681
0.000199681
0.00219649
0.000199681
0.00359425
0.000199681
0.000399361
0.000199681
0.00259585
0.00559105
0.0121805
0.000199681
0.00339457
0.000798722
0.000599042
0.000199681
0.000199681
0.00579073
0.000399361
0.160743
0.0157748
0.00159744
0.00179712
0.160543
0.0425319
0.00159744
0.000199681
0.000199681
0.0700879
0.000199681
0.000199681
0.00279553
0.155551
0.00179712
0.000998403
0.0866613
0.000199681
0.00199681
0.000199681
0.000199681
0.000199681
0.090655
0.000199681
0.00119808
0.0686901
0.0744808
0.000199681
0.00119808
0.00179712
0.000199681
0.000399361
0.00239617
0.00419329
0.0421326
0.000199681
0.0353435
0.000199681
0.000199681
0.0634984
0.0291534
0.000199681
0.00419329
0.000399361
0.000798722
0.000199681
0.000599042
0.00179712
0.000399361
0.00419329
0.00459265
0.000798722
0.000199681
0.000998403
0.000199681
0.000199681
0.00698882
0.000798722
0.000199681
0.000599042
0.000399361
0.000199681
0.00179712
0.000199681
0.000399361
0.00698882
0.000199681
0.0593051
0.0215655
0.000599042
0.00179712
0.00199681
0.0634984
0.000399361
0.000199681
0.000199681
0.000399361
0.000199681
0.000199681
0.00199681
0.000199681
0.000399361
0.000199681
0.000199681
0.314896
0.0621006
0.000199681
0.000199681
0.000199681
0.00499201
0.00798722
0.000199681
0.00159744
0.0419329
0.00419329
0.0654952
0.000199681
0.000998403
0.000798722
0.000199681
0.0117812
0.000998403
0.000399361
0.000199681
0.000199681
0.000199681
0.000399361
0.000199681
0.00299521
0.000399361
0.000199681
0.0511182
0.305911
0.00479233
0.000199681
0.000199681
0.00738818
0.000798722
0.000199681
0.000798722
0.000998403
0.000199681
0.000998403
0.000199681
0.000199681
0.000199681
0.00139776
0.000798722
0.000199681
0.000199681
0.000399361
0.000599042
0.000199681
0.00119808
0.000199681
0.000199681
0.000199681
0.00179712
0.000399361
0.000199681
0.000199681
0.000399361
0.000998403
0.000199681
0.000399361
0.000199681
0.000399361
0.000199681
0.000199681
0.000199681
0.000199681
0.000599042
0.000199681
0.000199681
0.000199681
0.000199681
0.000199681
0.000199681
0.0752796
0.000399361
0.000798722
0.00379393
0.000199681
0.000199681
0.00159744
0.000399361
0.000199681
0.000199681
0.000199681
0.000599042
0.00339457
0.000199681
0.0259585
0.000199681
0.00179712
0.000399361
0.000199681
0.000199681
0.00958466
0.000199681
0.000399361
0.000399361
0.00139776
0.000399361
0.000599042
0.000399361
0.00179712
0.000199681
0.00219649
0.000199681
0.000199681
0.000199681
0.000199681
0.000199681
0.000199681
0.0125799
0.00139776
0.000199681
0.00139776
0.000199681
0.00239617
0.000199681
0.000998403
0.000199681
0.000199681
0.000199681
0.000399361
0.000199681
0.00519169
0.00119808
0.000199681
0.00519169
0.000199681
0.00199681
0.000199681
0.000199681
0.000399361
0.00359425
0.000199681
0.000199681
0.00319489
0.000399361
0.000199681
0.000199681
0.000199681
0.0295527
0.000199681
0.000399361
0.000199681
0.000199681
0.000199681
0.000199681
0.00179712
0.000199681
0.000399361
0.000199681
0.00359425
0.000798722
0.000199681
0.000199681
0.000399361
0.000199681
0.00259585
0.00159744
0.000998403
0.000199681
0.000199681
0.000399361
0.000199681
0.000199681
0.000199681
0.000199681
0.00119808
0.000199681
0.000199681
0.000399361
0.0279553
0.000798722
0.00359425
0.000199681
0.000599042
0.000199681
0.000199681
0.00359425
0.000199681
0.000199681
0.000399361
0.000399361
0.00159744
0.000199681
0.0229633
0.000599042
0.000399361
0.000399361
0.00199681
0.00139776
0.00379393
0
0.000199681
0.000199681
0.000399361
0.000599042
0.000199681
0.000199681
0.0189696
0.000599042
0.000199681
0.000199681
0.000199681
0.000199681
0.000199681
0.000399361
0.395567
0.000199681
0.000199681
0.000199681
0.000399361
0.000199681
0.000998403
0.000199681
0.000199681
0.000199681
0.00179712
0.00359425
0.000199681
0.000199681
0.000199681
0.000199681
0.000399361
0.000199681
0.000199681
0.000399361
0.000399361
0.000199681
0.000399361
0.000998403
0.000399361
0.000199681
0.000599042
0.000798722
0.311302
0.000199681
0.000199681
0.00119808
0.000798722
0.000399361
0.000199681
0.000798722
0.0241613
0.000199681
0.000399361
0.0119808
0.000199681
0.311901
0.000399361
0.000599042
0.000599042
0.000599042
0.000199681
0.000199681
0.000199681
0.000199681
0.000199681
0.000199681
0.00219649
0.00219649
0.000199681
0.000599042
0.000399361
0.000199681
0.00459265
0.000199681
0.000199681
0.000199681
0.000599042
0.000199681
0.000399361
0.000399361
0.00459265
0.00139776
0.000199681
0.000599042
0.00199681
0.0101837
0.271366
0.000199681
0.000199681
0.000998403
0.00239617
0.000199681
0.000199681
0.000199681
0.000199681
0.000199681
0.000199681
0.000199681
0.000199681
0.000199681
0.00159744
0.000199681
0.00279553
0.000399361
0.000199681
0.000798722
0.000199681
0.000599042
0.000399361
0.000199681
0.000199681
0.000199681
0.000199681
0.00139776
0.000199681
0.000199681
0.000199681
0.000798722
0.000199681
0.000199681
0.000599042
0.000599042
0.170327
0.000199681
0.000199681
0.000199681
0.000399361
0.000399361
0.000199681
0.000399361
0.00419329
0.0221645
0.000199681
0.000199681
0.247204
0.00359425
0.000199681
0.000399361
0.000199681
0.000798722
0.000199681
0.000199681
0.000199681
0.00119808
0.000399361
0.000199681
0.00319489
0.000199681
0.0129792
0.000199681
0.0129792
0.000399361
0.000199681
0.00658946
0.000399361
0.000199681
0.000199681
0.226837
0.000599042
0.000199681
0.000199681
0.000199681
0.000399361
0.000199681
0.122604
0.000199681
0.0361422
0.000199681
0.000199681
0.000199681
0.000199681
0.000199681
0.000199681
0.000199681
0.488419
0.000199681
0.000199681
0.000199681
0.000199681
0.000399361
0.00319489
0.000599042
0.000199681
0.000798722
0.000399361
0.000199681
0.00199681
0.00159744
0.000199681
0.000399361
0.000199681
0.000798722
0.000199681
0.000399361
0.000199681
0.000199681
0.000199681
0.000199681
0.000399361
0.00319489
0.000399361
0.000199681
0.000199681
0.000199681
0.000599042
0.00139776
0.000199681
0.000199681
0.000199681
0.000399361
0.000199681
0.000399361
0.0185703
0.000798722
0.109225
0.000399361
0.00159744
0.00599042
0.000998403
0.480232
0.000199681
0.000199681
0.000399361
0.00479233
0.000199681
0.000199681
0.000599042
0.000798722
0.000199681
0.00958466
0.000199681
0.000399361
0.00738818
0.000399361
0.000399361
0.000199681
0.0413339
0.00179712
0.000199681
0.000399361
0.000399361
0.00379393
0.00179712
0.00638978
0.000199681
0.000199681
0.0107827
0.00119808
0.000798722
0.000399361
0.000199681
0.0457268
0.000199681
0.000599042
0.000199681
0.000599042
0.000199681
0.000199681
0.000998403
0.000399361
0.000199681
0.00199681
0.000199681
0.000199681
0.00359425
0.00119808
0.000199681
0.00499201
0.000199681
0.000199681
0.000599042
0.000199681
0.000998403
0.000599042
0.000199681
0.000399361
0.000998403
0.00139776
0.000199681
0.000399361
0.000199681
0.000199681
0.000199681
0.000199681
0.00159744
0.000199681
0.000199681
0.000199681
0.000199681
0.000199681
0.00319489
0.00359425
0.00119808
0.000199681
0.000199681
0.000399361
0.000199681
0.0219649
0.000199681
0.00479233
0.000199681
0.000199681
0.0147764
0.000199681
0.0617013
0.000599042
0.000199681
0.000199681
0.00599042
0.000199681
0.00119808
0.0139776
0.000199681
0.000199681
0.00499201
0.0277556
0.00239617
0.000199681
0.000199681
0.0403355
0.000399361
0.000199681
0.000599042
0.000798722
0.000798722
0.00399361
0.000199681
0.0121805
0.00359425
0.000399361
0.173522
0.345847
0.000599042
0.000199681
0.000199681
0.000199681
0.000399361
0.000199681
0.0195687
0.000199681
0.00439297
0.000199681
0.000199681
0.0211661
0.000399361
0.00179712
0.0201677
0.000199681
0.000798722
0.000199681
0.00539137
0.00179712
0.014976
0.00339457
0.000199681
0.000199681
0
0.238019
0.000199681
0.00159744
0.000199681
0.000199681
0.000599042
0.000599042
0.000199681
0.00279553
0.000199681
0.000399361
0.000199681
0.000199681
0.000199681
0.000199681
0.000199681
0.000199681
0.000399361
0.000199681
0.000399361
0.000199681
0.000599042
0.000599042
0.00179712
0.000399361
0.000399361
0.00259585
0.00239617
0.000199681
0.000199681
0.189297
0.000199681
0.189297
0.000199681
0.186302
0.000199681
0.000998403
0.000199681
0.000199681
0.00279553
0.000998403
0.00559105
0.000199681
0.000199681
0.000199681
0.000199681
0.000199681
0.000199681
0.000199681
0.00878594
0.000599042
0.076278
0.000199681
0.000399361
0.00539137
0.000199681
0.000199681
0.000199681
0.000199681
0.000199681
0.000998403
0.000399361
0.000599042
0.000399361
0.00119808
0.0179712
0.000199681
0.00199681
0.000199681
0.00199681
0.00179712
0.000399361
0.00539137
0.000199681
0.000199681
0.000199681
0.24381
0.00479233
0.0579073
0.000798722
0.000399361
0.00119808
0.0585064
0.000798722
0.000199681
0.00119808
0.00179712
0.000399361
0.000599042
0.0515176
0.000199681
0.000998403
0.000399361
0.000599042
0.000199681
0.000399361
0.000399361
0.00179712
0.0255591
0.000399361
0.000199681
0.000798722
0.000399361
0.000599042
0.000998403
0.000998403
0.000998403
0.00319489
0.000199681
0.000199681
0.000199681
0.00119808
0.000599042
0.00179712
0.00379393
0.000199681
0.000199681
0.014377
0.00179712
0.000199681
0.000199681
0.000199681
0.000199681
0.00379393
0.000199681
0.00978435
0.00299521
0.00658946
0.00658946
0.000199681
0.000199681
0.000199681
0.000199681
0.0203674
0.00419329
0.00159744
0.000199681
0.00239617
0.00559105
0.000399361
0.000199681
0.000199681
0.000399361
0.0589058
0.0323482
0.000199681
0.01877
0.000199681
0.000199681
0.00119808
0.00319489
0.000199681
0.000199681
0.0101837
0.000199681
0.000199681
0.153954
0.000199681
0.000798722
0.000399361
0.000399361
0.000399361
0.000199681
0.000199681
0.000199681
0.000199681
0.013778
0.000199681
0.000199681
0.000199681
0.000599042
0.000399361
0.00359425
0.000399361
0.000199681
0.000199681
0.0179712
0.00119808
0.000199681
0.000199681
0.00159744
0.00139776
0.000399361
0.000199681
0.000199681
0.000399361
0.000199681
0.000199681
0.000399361
0.000199681
0.000199681
0.000199681
0.000199681
0.0123802
0.000199681
0.0129792
0.00579073
0.142372
0.000199681
0.00239617
0.0233626
0.000199681
0.000199681
0.000199681
0.000199681
0.000199681
0.000199681
0.000199681
0.000199681
0.000399361
0.000599042
0.000199681
0.013778
0.00159744
0.000399361
0.000399361
0.0299521
0.00259585
0.000399361
0.0365415
0.0365415
0.00179712
0.000199681
0.000199681
0.0365415
0.000798722
0.00898562
0.000199681
0.000199681
0.000199681
0.000599042
0.000399361
0.246006
0.000199681
0.00139776
0.000199681
0.000199681
0.245607
0.000199681
0.0111821
0.000199681
0.000199681
0.378395
0.000798722
0.000199681
0.000199681
0.000199681
0.0756789
0.497204
0.000199681
0.000199681
0.000199681
0.000199681
0.000199681
0.000199681
0.000798722
0.142772
0.00159744
0.00399361
0.000199681
0.000399361
0.000199681
0.000199681
0.00219649
0.000199681
0.000199681
0.000599042
0.000199681
0.000798722
0.000199681
0.000199681
0.000399361
0.215056
0.000199681
0.000399361
0.000199681
0.000399361
0.000599042
0.000199681
0.000399361
0.000199681
0.185104
0.000199681
0.000199681
0.000199681
0.000998403
0.00219649
0.000399361
0.495008
0.000199681
0.0411342
0.000399361
0.000599042
0.000199681
0.00798722
0.00119808
0.0748802
0.000798722
0.00419329
0.000199681
0.000199681
0.00199681
0.00199681
0.000399361
0.000199681
0.00259585
0.358626
0.000399361
0.0603035
0.000399361
0.000199681
0.111222
0.000199681
0.000199681
0.00159744
0.000199681
0.000199681
0.000199681
0.00179712
0.000599042
0.000199681
0.00139776
0.000599042
0.00479233
0.000199681
0.00858626
0.165935
0.431709
0.00359425
0.000199681
0.000199681
0.00239617
0.145966
0.00119808
0.000199681
0.000199681
0.000199681
0.00119808
0.000199681
0.000199681
0.000998403
0.000199681
0.000199681
0.000199681
0
0.1
0.2
0.3
0.4
0.5
