0.0125799
0.329473
0.261781
0.222843
0.305911
0.285743
0.066893
0.166534
0.332468
0.364617
0.482628
0.173123
0.242412
0.393171
0.0423323
0.151957
0.154353
0.000399361
0.00579073
0.000399361
0.0197684
0.000599042
0.000599042
0.000199681
0.00139776
0.000199681
0.000599042
0.000199681
0.000199681
0.000399361
0.000199681
0.0165735
0.000199681
0.000199681
0.00179712
0.000998403
0.000199681
0.000998403
0.000399361
0.000199681
0.000199681
0.000399361
0.00299521
0.000599042
0.000798722
0.000199681
0.00139776
0.000199681
0.00119808
0.00758786
0.000199681
0.000199681
0.000199681
0.000199681
0.000199681
0.000199681
0.000199681
0.000199681
0.000199681
0.000199681
0.00479233
0.000798722
0.00239617
0.00379393
0.000998403
0.000199681
0.000199681
0.0113818
0.00319489
0.377396
0.00339457
0.000199681
0.000199681
0.00239617
0.000199681
0.000199681
0.00499201
0.000199681
0.000199681
0.000199681
0.00139776
0.000599042
0.000199681
0.0756789
0.00658946
0.000599042
0.000199681
0.000599042
0.000199681
0.000199681
0.000998403
0.000798722
0.0145767
0.00299521
0.00199681
0.000199681
0.0179712
0.000399361
0.0179712
0.00319489
0.000199681
0.000199681
0.00119808
0.000199681
0.00179712
0.00359425
0.0662939
0.0599042
0.00159744
0.000798722
0.033147
0.00159744
0.000599042
0.00219649
0.00259585
0.00239617
0.000199681
0.000798722
0.000798722
0.000199681
0.000199681
0.000399361
0.00179712
0.000798722
0.000199681
0.000199681
0.000199681
0.000199681
0.000599042
0.000399361
0.00519169
0.00179712
0.000399361
0.000199681
0.000199681
0.000199681
0.000199681
0.0283546
0.000399361
0.000199681
0.000199681
0.000199681
0.000199681
0.000199681
0.000399361
0.000199681
0.00159744
0.000199681
0.000798722
0.000199681
0.000199681
0.0081869
0.464058
0.000199681
0.00119808
0.000199681
0.000199681
0.000199681
0.000199681
0.000399361
0.0335463
0.000199681
0.16234
0.00159744
0.46246
0.000199681
0.00139776
0.000199681
0.000199681
0.000599042
0.000399361
0.000199681
0.0115815
0.000199681
0.000199681
0.000199681
0.000199681
0.000199681
0.000199681
0.000399361
0.000199681
0.0423323
0.000798722
0.000798722
0.000199681
0.000399361
0.000798722
0.0321486
0.0197684
0.000399361
0.0183706
0.000399361
0.000399361
0.000399361
0.00239617
0.199681
0.00798722
0.00379393
0.000199681
0.00219649
0.000399361
0.000399361
0.000199681
0.0405351
0.000798722
0.000199681
0.000199681
0.00179712
0.000798722
0.000199681
0.000199681
0.000199681
0.196086
0.000199681
0.000399361
0.000199681
0.000199681
0.000199681
0.000199681
0.000199681
0.000199681
0.028754
0.000998403
0.000199681
0.00439297
0.000199681
0.000199681
0.000199681
0.000199681
0.000199681
0.0427316
0.000399361
0.0537141
0.0199681
0.000199681
0.00998403
0.000199681
0.000199681
0.000399361
0.0061901
0.00119808
0.000199681
0.000199681
0.000199681
0.000199681
0.000399361
0.000199681
0.000199681
0.000998403
0.00738818
0.000199681
0.000199681
0.00259585
0.00259585
0.00878594
0.000199681
0.0103834
0.000199681
0.0103834
0.00599042
0.000199681
0.000998403
0.0465256
0.000199681
0.27496
0.000599042
0.0121805
0.00139776
0.000199681
0.00179712
0.000998403
0.000199681
0.000798722
0.000199681
0.00199681
0.000399361
0.00339457
0.000199681
0.000199681
0.000599042
0.000599042
0.000199681
0.00319489
0.0201677
0.000399361
0.000199681
0.000199681
0.000199681
0.000998403
0.0317492
0.000199681
0.00219649
0.000599042
0.00139776
0.0197684
0.000199681
0.000399361
0.0151757
0.000199681
0.000599042
0.000399361
0.000199681
0.000599042
0.0415335
0.028754
0.000199681
0.0183706
0.000199681
0.0265575
0.000199681
0.000599042
0.00299521
0.00319489
0.000199681
0.000199681
0.1252
0.000998403
0.00279553
0.000199681
0.000199681
0.000199681
0.000199681
0.000199681
0.000399361
0.000199681
0.000199681
0.000199681
0.000399361
0.000599042
0.19369
0.000599042
0.000199681
0.00119808
0.000199681
0.00419329
0.15595
0.000199681
0.000199681
0.247804
0.000599042
0.248802
0.000998403
0.0119808
0.000199681
0.000798722
0.000199681
0.000199681
0.000199681
0.000199681
0.000399361
0.000199681
0.000399361
0.000199681
0.000199681
0.000998403
0.000199681
0.000199681
0.048722
0.00599042
0.00219649
0.00539137
0.000199681
0.000199681
0.000399361
0.043131
0.000399361
0.000199681
0.000199681
0.000998403
0.000199681
0.000199681
0.000199681
0.000199681
0.00119808
0.000199681
0.000199681
0.000599042
0.000199681
0.000199681
0.00479233
0.000199681
0.0323482
0.0107827
0.000199681
0.000399361
0.00359425
0.0788738
0.000399361
0.00179712
0.000199681
0.000199681
0.000199681
0.000599042
0.000199681
0.000399361
0.000399361
0.0103834
0.000199681
0.000199681
0.000199681
0.00638978
0.000199681
0.000199681
0.000199681
0.000199681
0.000399361
0.000199681
0.00199681
0.0567093
0.000399361
0.000199681
0.000199681
0.000399361
0.000599042
0.00159744
0.00319489
0.000199681
0.00179712
0.000199681
0.00219649
0.000199681
0.000199681
0.000199681
0.000399361
0.000199681
0.000199681
0.000199681
0.00119808
0.00359425
0.0517173
0.000399361
0.000599042
0.000199681
0.000798722
0.194888
0.0295527
0.000199681
0.000199681
0.00119808
0.000199681
0.000998403
0.00119808
0.000199681
0.0928514
0.000199681
0.000199681
0.000199681
0.138379
0.000798722
0.000199681
0.000199681
0.000399361
0.000199681
0.000399361
0.00299521
0.000199681
0.00319489
0.000599042
0.000199681
0.000599042
0.000199681
0.000199681
0.00219649
0.000199681
0.00119808
0.0325479
0.000199681
0.000199681
0.000399361
0.000199681
0.000798722
0.000199681
0.00539137
0.00379393
0.00139776
0.00119808
0.000199681
0.000199681
0.000399361
0.00259585
0.00199681
0.0301518
0.00119808
0.000399361
0.000199681
0.411941
0.000199681
0.412141
0.0247604
0.000199681
0.000199681
0.000199681
0.000599042
0.00259585
0.0794728
0.000199681
0.000798722
0.000599042
0.000199681
0.0363419
0.000199681
0.000399361
0.000199681
0.0261581
0.00758786
0.000199681
0.00658946
0.000199681
0.000399361
0.000998403
0.0153754
0.00439297
0.000199681
0.000399361
0.000399361
0.00638978
0.00159744
0.000199681
0.000399361
0.000199681
0.310104
0.00339457
0.000199681
0.000798722
0.000199681
0.000199681
0.000199681
0.0397364
0.000199681
0.00219649
0.00119808
0.000199681
0.000199681
0.00159744
0.000399361
0.000798722
0.0127796
0.0223642
0.0579073
0.00938498
0.000199681
0.000199681
0.0071885
0.000399361
0.000399361
0.000199681
0.000998403
0.00179712
0.000199681
0.000199681
0.000199681
0.000199681
0.000199681
0.000199681
0.000199681
0.000399361
0.00239617
0.00239617
0.000199681
0.000199681
0.0231629
0.000199681
0.347444
0.000199681
0.000199681
0.00599042
0.000399361
0.000399361
0.000199681
0.000798722
0
0.1
0.2
0.3
0.4
0.5
